(0,79)
(1,1567)
(2,2328)
(3,3105)
(4,768)
(5,2942)
(6,924)
(7,2863)
(8,1610)
(9,879)
(10,2251)
(11,859)
(12,1521)
(13,2603)
(14,1462)
(15,1307)
(16,2968)
(17,564)
(18,947)
(19,515)
(20,186)
(21,2126)
(22,1057)
(23,2135)
(24,3387)
(25,283)
(26,466)
(27,2713)
(28,1761)
(29,2078)
(30,1892)
(31,2616)
(32,2577)
(33,3351)
(34,3149)
(35,3247)
(36,1326)
(37,2550)
(38,2653)
(39,1577)
(40,3428)
(41,1657)
(42,2537)
(43,2070)
(44,4)
(45,2316)
(46,580)
(47,2871)
(48,276)
(49,281)
(50,2626)
(51,141)
(52,1673)
(53,2085)
(54,1541)
(55,3452)
(56,625)
(57,2071)
(58,287)
(59,3075)
(60,2429)
(61,795)
(62,430)
(63,2746)
(64,2319)
(65,1349)
(66,1177)
(67,2299)
(68,2401)
(69,2540)
(70,1682)
(71,3054)
(72,314)
(73,2802)
(74,2215)
(75,3376)
(76,504)
(77,858)
(78,2266)
(79,1780)
(80,562)
(81,2788)
(82,1453)
(83,155)
(84,1207)
(85,559)
(86,981)
(87,595)
(88,2458)
(89,3524)
(90,3396)
(91,1907)
(92,2565)
(93,1163)
(94,3426)
(95,576)
(96,1702)
(97,2756)
(98,26)
(99,916)
(100,950)
(101,3176)
(102,882)
(103,1362)
(104,1082)
(105,2643)
(106,1018)
(107,565)
(108,2605)
(109,1468)
(110,1566)
(111,1931)
(112,2100)
(113,2945)
(114,2862)
(115,784)
(116,3331)
(117,2838)
(118,1452)
(119,3111)
(120,469)
(121,3308)
(122,3289)
(123,2562)
(124,2732)
(125,2473)
(126,1298)
(127,2535)
(128,1441)
(129,122)
(130,1688)
(131,1556)
(132,2322)
(133,785)
(134,588)
(135,2185)
(136,2807)
(137,2820)
(138,1240)
(139,3253)
(140,1950)
(141,2847)
(142,296)
(143,3094)
(144,2851)
(145,2888)
(146,1936)
(147,3153)
(148,2376)
(149,990)
(150,668)
(151,2495)
(152,2315)
(153,420)
(154,18)
(155,1285)
(156,111)
(157,1727)
(158,3465)
(159,1806)
(160,3350)
(161,2560)
(162,45)
(163,1184)
(164,1537)
(165,1498)
(166,182)
(167,1774)
(168,1087)
(169,750)
(170,2817)
(171,815)
(172,2690)
(173,2133)
(174,1381)
(175,1642)
(176,2674)
(177,2433)
(178,2188)
(179,69)
(180,1842)
(181,2492)
(182,637)
(183,956)
(184,2167)
(185,1466)
(186,2586)
(187,39)
(188,2180)
(189,1724)
(190,1993)
(191,2764)
(192,805)
(193,1374)
(194,538)
(195,557)
(196,508)
(197,3481)
(198,115)
(199,1161)
(200,1728)
(201,1345)
(202,1259)
(203,1292)
(204,1093)
(205,3583)
(206,3100)
(207,609)
(208,2486)
(209,3034)
(210,1833)
(211,2229)
(212,1739)
(213,1038)
(214,1414)
(215,1686)
(216,2571)
(217,195)
(218,658)
(219,2638)
(220,585)
(221,3041)
(222,594)
(223,2327)
(224,697)
(225,440)
(226,3161)
(227,1661)
(228,3305)
(229,1294)
(230,3598)
(231,949)
(232,185)
(233,219)
(234,2051)
(235,328)
(236,3401)
(237,3590)
(238,819)
(239,707)
(240,2263)
(241,2190)
(242,3254)
(243,578)
(244,2995)
(245,3540)
(246,829)
(247,2406)
(248,1375)
(249,561)
(250,1312)
(251,3069)
(252,2214)
(253,1878)
(254,2069)
(255,720)
(256,1847)
(257,1946)
(258,506)
(259,2200)
(260,2673)
(261,789)
(262,322)
(263,3329)
(264,2300)
(265,491)
(266,2804)
(267,3200)
(268,3110)
(269,3235)
(270,2969)
(271,3395)
(272,1758)
(273,2923)
(274,2080)
(275,2460)
(276,1768)
(277,2464)
(278,149)
(279,2314)
(280,3108)
(281,19)
(282,256)
(283,780)
(284,1449)
(285,1866)
(286,2781)
(287,294)
(288,1953)
(289,1413)
(290,798)
(291,3292)
(292,880)
(293,3297)
(294,995)
(295,308)
(296,3421)
(297,303)
(298,1654)
(299,2007)
(300,2280)
(301,1341)
(302,2903)
(303,3430)
(304,2917)
(305,51)
(306,1181)
(307,22)
(308,3175)
(309,3327)
(310,1979)
(311,1020)
(312,852)
(313,1041)
(314,2783)
(315,320)
(316,1127)
(317,646)
(318,1392)
(319,474)
(320,3043)
(321,1919)
(322,2227)
(323,2548)
(324,740)
(325,2037)
(326,1055)
(327,3543)
(328,2140)
(329,1816)
(330,1799)
(331,1621)
(332,1353)
(333,2272)
(334,3539)
(335,3527)
(336,598)
(337,3029)
(338,2676)
(339,2510)
(340,2303)
(341,2858)
(342,1205)
(343,1822)
(344,2332)
(345,3478)
(346,718)
(347,3169)
(348,2809)
(349,1680)
(350,1442)
(351,3495)
(352,684)
(353,1364)
(354,2991)
(355,3415)
(356,876)
(357,2383)
(358,3479)
(359,2815)
(360,3484)
(361,108)
(362,3544)
(363,867)
(364,1152)
(365,3381)
(366,3039)
(367,143)
(368,3531)
(369,3032)
(370,2207)
(371,2145)
(372,2983)
(373,1335)
(374,1183)
(375,1221)
(376,3464)
(377,2147)
(378,332)
(379,2595)
(380,1129)
(381,2270)
(382,1213)
(383,1206)
(384,2216)
(385,1322)
(386,2075)
(387,1085)
(388,778)
(389,3115)
(390,1224)
(391,1693)
(392,914)
(393,3273)
(394,304)
(395,2860)
(396,1069)
(397,2365)
(398,2692)
(399,85)
(400,1210)
(401,424)
(402,1175)
(403,2293)
(404,3068)
(405,1830)
(406,2575)
(407,305)
(408,2635)
(409,1909)
(410,1496)
(411,1024)
(412,3155)
(413,1930)
(414,892)
(415,2810)
(416,2446)
(417,2647)
(418,1182)
(419,2213)
(420,1275)
(421,2334)
(422,2317)
(423,2400)
(424,903)
(425,2470)
(426,2367)
(427,1707)
(428,1355)
(429,2866)
(430,1744)
(431,984)
(432,2374)
(433,3485)
(434,3391)
(435,1417)
(436,2728)
(437,2618)
(438,2490)
(439,1130)
(440,270)
(441,3163)
(442,169)
(443,2174)
(444,1264)
(445,2801)
(446,1700)
(447,3449)
(448,1678)
(449,2585)
(450,3313)
(451,201)
(452,2545)
(453,2494)
(454,2782)
(455,862)
(456,80)
(457,1074)
(458,855)
(459,2598)
(460,130)
(461,2981)
(462,603)
(463,150)
(464,1114)
(465,363)
(466,2678)
(467,2998)
(468,2163)
(469,3171)
(470,1502)
(471,2993)
(472,2527)
(473,1192)
(474,3456)
(475,1902)
(476,3061)
(477,3196)
(478,931)
(479,34)
(480,3194)
(481,266)
(482,1306)
(483,2590)
(484,2948)
(485,2362)
(486,2629)
(487,2472)
(488,1671)
(489,2161)
(490,691)
(491,2522)
(492,3)
(493,946)
(494,243)
(495,3438)
(496,103)
(497,1387)
(498,2602)
(499,2452)
(500,604)
(501,3521)
(502,1639)
(503,1534)
(504,1972)
(505,2199)
(506,2772)
(507,3279)
(508,1300)
(509,3093)
(510,484)
(511,1849)
(512,2025)
(513,3193)
(514,1299)
(515,1641)
(516,3519)
(517,1526)
(518,483)
(519,293)
(520,2640)
(521,1409)
(522,2959)
(523,1904)
(524,194)
(525,389)
(526,1077)
(527,3173)
(528,3222)
(529,715)
(530,317)
(531,2385)
(532,3578)
(533,3546)
(534,324)
(535,764)
(536,1460)
(537,2940)
(538,878)
(539,550)
(540,3565)
(541,1653)
(542,2197)
(543,461)
(544,284)
(545,1324)
(546,3330)
(547,3309)
(548,2236)
(549,174)
(550,337)
(551,1332)
(552,1359)
(553,1714)
(554,1683)
(555,2226)
(556,659)
(557,1328)
(558,3282)
(559,2153)
(560,3239)
(561,2637)
(562,2656)
(563,735)
(564,631)
(565,948)
(566,1837)
(567,411)
(568,1343)
(569,3150)
(570,1029)
(571,3198)
(572,2932)
(573,1042)
(574,2961)
(575,1589)
(576,2047)
(577,2290)
(578,3264)
(579,2844)
(580,2506)
(581,1370)
(582,1031)
(583,268)
(584,2388)
(585,2893)
(586,2854)
(587,2423)
(588,2181)
(589,3323)
(590,2022)
(591,2953)
(592,1102)
(593,2076)
(594,2106)
(595,2253)
(596,3216)
(597,1059)
(598,2398)
(599,2483)
(600,1429)
(601,1893)
(602,1173)
(603,723)
(604,1010)
(605,2342)
(606,496)
(607,1482)
(608,3413)
(609,689)
(610,670)
(611,3352)
(612,773)
(613,1747)
(614,1287)
(615,2875)
(616,2476)
(617,3237)
(618,3203)
(619,918)
(620,3574)
(621,3201)
(622,614)
(623,1788)
(624,688)
(625,605)
(626,636)
(627,2929)
(628,3510)
(629,2551)
(630,1385)
(631,1771)
(632,3138)
(633,1284)
(634,1911)
(635,2370)
(636,319)
(637,2296)
(638,541)
(639,1214)
(640,2627)
(641,2891)
(642,1775)
(643,677)
(644,1906)
(645,2531)
(646,1373)
(647,1719)
(648,1252)
(649,1040)
(650,465)
(651,214)
(652,568)
(653,97)
(654,501)
(655,3077)
(656,1594)
(657,2904)
(658,3215)
(659,1002)
(660,834)
(661,2609)
(662,873)
(663,3386)
(664,1859)
(665,772)
(666,434)
(667,2610)
(668,902)
(669,1266)
(670,2142)
(671,2628)
(672,1007)
(673,3476)
(674,2949)
(675,1054)
(676,165)
(677,2122)
(678,2850)
(679,372)
(680,47)
(681,449)
(682,1436)
(683,1403)
(684,2683)
(685,2219)
(686,3143)
(687,2352)
(688,3526)
(689,316)
(690,2500)
(691,2493)
(692,3568)
(693,1052)
(694,142)
(695,35)
(696,575)
(697,3287)
(698,2864)
(699,3466)
(700,1838)
(701,647)
(702,1273)
(703,969)
(704,301)
(705,3152)
(706,1458)
(707,2203)
(708,2465)
(709,1346)
(710,2933)
(711,2884)
(712,3405)
(713,2880)
(714,2530)
(715,788)
(716,2538)
(717,2588)
(718,3354)
(719,2291)
(720,3502)
(721,2402)
(722,3343)
(723,265)
(724,3458)
(725,1505)
(726,2165)
(727,661)
(728,1216)
(729,28)
(730,2751)
(731,2701)
(732,2119)
(733,1316)
(734,686)
(735,3393)
(736,1689)
(737,98)
(738,1271)
(739,3274)
(740,1065)
(741,225)
(742,2501)
(743,891)
(744,2805)
(745,1164)
(746,1195)
(747,2341)
(748,162)
(749,2812)
(750,2265)
(751,1199)
(752,1929)
(753,391)
(754,3001)
(755,3188)
(756,346)
(757,695)
(758,1099)
(759,3516)
(760,2110)
(761,252)
(762,813)
(763,448)
(764,3383)
(765,1187)
(766,1416)
(767,2040)
(768,1408)
(769,1659)
(770,2138)
(771,2038)
(772,3435)
(773,2020)
(774,1573)
(775,2220)
(776,1004)
(777,2766)
(778,1197)
(779,940)
(780,2739)
(781,1666)
(782,1431)
(783,3106)
(784,2997)
(785,1754)
(786,349)
(787,560)
(788,421)
(789,44)
(790,1860)
(791,2393)
(792,2091)
(793,2573)
(794,1489)
(795,521)
(796,649)
(797,694)
(798,655)
(799,2730)
(800,127)
(801,2680)
(802,343)
(803,323)
(804,3144)
(805,1450)
(806,399)
(807,3018)
(808,3471)
(809,944)
(810,3451)
(811,674)
(812,522)
(813,2335)
(814,993)
(815,1598)
(816,810)
(817,838)
(818,3509)
(819,1635)
(820,700)
(821,423)
(822,840)
(823,401)
(824,672)
(825,2455)
(826,1434)
(827,2654)
(828,1503)
(829,1564)
(830,2285)
(831,2582)
(832,2192)
(833,2450)
(834,3118)
(835,20)
(836,2348)
(837,553)
(838,2898)
(839,638)
(840,72)
(841,145)
(842,334)
(843,358)
(844,3403)
(845,190)
(846,837)
(847,1868)
(848,1899)
(849,119)
(850,2644)
(851,2733)
(852,1504)
(853,3220)
(854,2169)
(855,2258)
(856,278)
(857,1963)
(858,25)
(859,3420)
(860,539)
(861,1568)
(862,1366)
(863,1124)
(864,3482)
(865,569)
(866,635)
(867,3355)
(868,987)
(869,1669)
(870,2828)
(871,1618)
(872,901)
(873,1753)
(874,292)
(875,1529)
(876,3245)
(877,712)
(878,2338)
(879,1016)
(880,110)
(881,31)
(882,1928)
(883,3577)
(884,2972)
(885,477)
(886,3197)
(887,1048)
(888,1872)
(889,1861)
(890,850)
(891,1079)
(892,802)
(893,906)
(894,3192)
(895,1643)
(896,2892)
(897,134)
(898,3571)
(899,1476)
(900,261)
(901,1331)
(902,1212)
(903,3370)
(904,870)
(905,3014)
(906,2926)
(907,3525)
(908,2515)
(909,3151)
(910,2128)
(911,854)
(912,3092)
(913,3599)
(914,2425)
(915,1737)
(916,2568)
(917,986)
(918,743)
(919,2714)
(920,2916)
(921,2116)
(922,1471)
(923,2238)
(924,3433)
(925,760)
(926,260)
(927,1092)
(928,56)
(929,2521)
(930,657)
(931,2245)
(932,3520)
(933,1465)
(934,2547)
(935,331)
(936,1547)
(937,2579)
(938,648)
(939,2198)
(940,428)
(941,3078)
(942,1488)
(943,1448)
(944,665)
(945,1051)
(946,3025)
(947,3582)
(948,1037)
(949,307)
(950,1506)
(951,2239)
(952,3221)
(953,2861)
(954,512)
(955,1823)
(956,590)
(957,1455)
(958,2159)
(959,486)
(960,589)
(961,1219)
(962,2831)
(963,2555)
(964,1295)
(965,915)
(966,586)
(967,462)
(968,274)
(969,2742)
(970,1337)
(971,626)
(972,1236)
(973,2738)
(974,2375)
(975,1270)
(976,1968)
(977,3534)
(978,2707)
(979,3038)
(980,1148)
(981,1952)
(982,3294)
(983,1251)
(984,2572)
(985,3049)
(986,2502)
(987,2390)
(988,330)
(989,2321)
(990,1624)
(991,105)
(992,2986)
(993,3087)
(994,3213)
(995,591)
(996,3411)
(997,1376)
(998,2589)
(999,571)
(1000,173)
(1001,2791)
(1002,2208)
(1003,1824)
(1004,429)
(1005,495)
(1006,678)
(1007,1386)
(1008,175)
(1009,3460)
(1010,207)
(1011,2206)
(1012,1850)
(1013,3089)
(1014,1457)
(1015,978)
(1016,1879)
(1017,927)
(1018,1043)
(1019,2672)
(1020,1553)
(1021,416)
(1022,77)
(1023,606)
(1024,2566)
(1025,1542)
(1026,458)
(1027,1583)
(1028,982)
(1029,485)
(1030,239)
(1031,1088)
(1032,2771)
(1033,3334)
(1034,3257)
(1035,1280)
(1036,2922)
(1037,1356)
(1038,454)
(1039,2082)
(1040,1314)
(1041,2958)
(1042,172)
(1043,475)
(1044,1241)
(1045,251)
(1046,930)
(1047,835)
(1048,2623)
(1049,299)
(1050,849)
(1051,2125)
(1052,2957)
(1053,2963)
(1054,2633)
(1055,2747)
(1056,1402)
(1057,2084)
(1058,2708)
(1059,3048)
(1060,1896)
(1061,1536)
(1062,2005)
(1063,1301)
(1064,1844)
(1065,2)
(1066,996)
(1067,681)
(1068,3062)
(1069,1560)
(1070,1514)
(1071,2447)
(1072,1430)
(1073,3497)
(1074,2475)
(1075,1415)
(1076,767)
(1077,2956)
(1078,2148)
(1079,3530)
(1080,23)
(1081,3304)
(1082,2648)
(1083,622)
(1084,249)
(1085,102)
(1086,1983)
(1087,3050)
(1088,2262)
(1089,2224)
(1090,2225)
(1091,431)
(1092,3585)
(1093,1286)
(1094,1554)
(1095,1394)
(1096,2939)
(1097,1668)
(1098,1186)
(1099,2275)
(1100,799)
(1101,1949)
(1102,208)
(1103,2434)
(1104,1524)
(1105,3073)
(1106,3231)
(1107,861)
(1108,129)
(1109,1361)
(1110,2670)
(1111,2324)
(1112,2696)
(1113,738)
(1114,2092)
(1115,910)
(1116,1964)
(1117,2330)
(1118,3593)
(1119,3023)
(1120,3097)
(1121,1063)
(1122,1840)
(1123,2526)
(1124,2507)
(1125,2039)
(1126,1369)
(1127,176)
(1128,488)
(1129,2073)
(1130,2286)
(1131,3157)
(1132,3242)
(1133,394)
(1134,2183)
(1135,2697)
(1136,215)
(1137,1008)
(1138,1891)
(1139,2457)
(1140,2094)
(1141,1006)
(1142,3162)
(1143,1987)
(1144,832)
(1145,2921)
(1146,226)
(1147,1425)
(1148,3555)
(1149,3131)
(1150,847)
(1151,869)
(1152,2217)
(1153,1263)
(1154,2761)
(1155,1623)
(1156,2072)
(1157,3167)
(1158,710)
(1159,267)
(1160,63)
(1161,1303)
(1162,2479)
(1163,1863)
(1164,804)
(1165,2639)
(1166,1856)
(1167,1291)
(1168,3490)
(1169,3189)
(1170,3529)
(1171,2359)
(1172,2444)
(1173,2281)
(1174,2036)
(1175,806)
(1176,2806)
(1177,3156)
(1178,1940)
(1179,2424)
(1180,961)
(1181,1804)
(1182,1134)
(1183,2509)
(1184,2593)
(1185,671)
(1186,2463)
(1187,3561)
(1188,3425)
(1189,46)
(1190,2518)
(1191,1342)
(1192,1631)
(1193,933)
(1194,1762)
(1195,963)
(1196,1076)
(1197,2734)
(1198,2755)
(1199,445)
(1200,1992)
(1201,3096)
(1202,3322)
(1203,1540)
(1204,2621)
(1205,2685)
(1206,1752)
(1207,140)
(1208,3511)
(1209,1980)
(1210,2723)
(1211,733)
(1212,2912)
(1213,3104)
(1214,624)
(1215,3230)
(1216,2800)
(1217,3462)
(1218,223)
(1219,41)
(1220,2099)
(1221,1336)
(1222,2704)
(1223,846)
(1224,1965)
(1225,992)
(1226,2569)
(1227,2407)
(1228,1451)
(1229,653)
(1230,1701)
(1231,1393)
(1232,3500)
(1233,900)
(1234,3172)
(1235,471)
(1236,866)
(1237,1170)
(1238,3223)
(1239,2318)
(1240,3472)
(1241,1493)
(1242,1585)
(1243,1188)
(1244,2021)
(1245,2580)
(1246,2789)
(1247,628)
(1248,612)
(1249,739)
(1250,210)
(1251,3099)
(1252,3535)
(1253,443)
(1254,964)
(1255,2228)
(1256,137)
(1257,597)
(1258,2053)
(1259,2474)
(1260,2268)
(1261,2282)
(1262,2989)
(1263,160)
(1264,3102)
(1265,1817)
(1266,2276)
(1267,2649)
(1268,2887)
(1269,3306)
(1270,1592)
(1271,1995)
(1272,519)
(1273,3249)
(1274,1831)
(1275,3074)
(1276,1802)
(1277,827)
(1278,493)
(1279,2760)
(1280,552)
(1281,2432)
(1282,1209)
(1283,2818)
(1284,673)
(1285,2326)
(1286,2974)
(1287,2421)
(1288,1179)
(1289,1407)
(1290,722)
(1291,601)
(1292,1649)
(1293,2396)
(1294,2384)
(1295,187)
(1296,2264)
(1297,1491)
(1298,2935)
(1299,886)
(1300,2977)
(1301,1760)
(1302,1729)
(1303,2356)
(1304,398)
(1305,1829)
(1306,1703)
(1307,325)
(1308,2230)
(1309,2287)
(1310,811)
(1311,1097)
(1312,1626)
(1313,600)
(1314,379)
(1315,3336)
(1316,746)
(1317,651)
(1318,711)
(1319,2146)
(1320,2832)
(1321,2057)
(1322,3056)
(1323,1852)
(1324,530)
(1325,3549)
(1326,1877)
(1327,151)
(1328,3055)
(1329,925)
(1330,3533)
(1331,3448)
(1332,3377)
(1333,2687)
(1334,1317)
(1335,2379)
(1336,33)
(1337,1113)
(1338,752)
(1339,1253)
(1340,509)
(1341,1167)
(1342,1645)
(1343,1283)
(1344,164)
(1345,1685)
(1346,1200)
(1347,1470)
(1348,1143)
(1349,1497)
(1350,451)
(1351,3494)
(1352,660)
(1353,439)
(1354,3258)
(1355,3536)
(1356,487)
(1357,233)
(1358,2191)
(1359,1578)
(1360,1380)
(1361,417)
(1362,3008)
(1363,203)
(1364,2750)
(1365,3397)
(1366,3028)
(1367,1334)
(1368,687)
(1369,118)
(1370,300)
(1371,2024)
(1372,2477)
(1373,441)
(1374,1444)
(1375,2427)
(1376,2405)
(1377,479)
(1378,1204)
(1379,364)
(1380,3457)
(1381,390)
(1382,2651)
(1383,616)
(1384,1463)
(1385,1379)
(1386,1846)
(1387,2952)
(1388,2711)
(1389,1717)
(1390,3007)
(1391,1792)
(1392,99)
(1393,396)
(1394,3286)
(1395,2601)
(1396,459)
(1397,2241)
(1398,1938)
(1399,2879)
(1400,2087)
(1401,2543)
(1402,3486)
(1403,714)
(1404,2137)
(1405,2131)
(1406,1235)
(1407,3085)
(1408,2478)
(1409,2409)
(1410,1990)
(1411,2411)
(1412,3356)
(1413,860)
(1414,3326)
(1415,3191)
(1416,761)
(1417,2440)
(1418,1155)
(1419,2876)
(1420,2420)
(1421,3082)
(1422,3303)
(1423,3410)
(1424,1151)
(1425,2720)
(1426,24)
(1427,255)
(1428,376)
(1429,1652)
(1430,3266)
(1431,205)
(1432,663)
(1433,905)
(1434,3280)
(1435,652)
(1436,2646)
(1437,221)
(1438,2107)
(1439,2187)
(1440,1781)
(1441,967)
(1442,1404)
(1443,2693)
(1444,3444)
(1445,2790)
(1446,2364)
(1447,3575)
(1448,2240)
(1449,3498)
(1450,1787)
(1451,3489)
(1452,2395)
(1453,2614)
(1454,229)
(1455,131)
(1456,1988)
(1457,2349)
(1458,1528)
(1459,1648)
(1460,135)
(1461,94)
(1462,755)
(1463,895)
(1464,2257)
(1465,2975)
(1466,1001)
(1467,567)
(1468,2652)
(1469,2978)
(1470,2054)
(1471,774)
(1472,679)
(1473,193)
(1474,507)
(1475,3236)
(1476,1561)
(1477,1169)
(1478,520)
(1479,3265)
(1480,2394)
(1481,1807)
(1482,1168)
(1483,3275)
(1484,2029)
(1485,3427)
(1486,1960)
(1487,2613)
(1488,192)
(1489,608)
(1490,2004)
(1491,1395)
(1492,2016)
(1493,3037)
(1494,2154)
(1495,537)
(1496,3505)
(1497,2835)
(1498,224)
(1499,1694)
(1500,1190)
(1501,693)
(1502,1140)
(1503,3357)
(1504,2001)
(1505,1121)
(1506,2067)
(1507,2883)
(1508,3288)
(1509,1400)
(1510,156)
(1511,2109)
(1512,344)
(1513,3098)
(1514,1039)
(1515,2031)
(1516,1745)
(1517,3302)
(1518,899)
(1519,425)
(1520,159)
(1521,1495)
(1522,2468)
(1523,2212)
(1524,2164)
(1525,1118)
(1526,2816)
(1527,3474)
(1528,3414)
(1529,1427)
(1530,3579)
(1531,1012)
(1532,3126)
(1533,3409)
(1534,1555)
(1535,885)
(1536,2930)
(1537,2363)
(1538,2195)
(1539,404)
(1540,2849)
(1541,511)
(1542,1261)
(1543,340)
(1544,3199)
(1545,2741)
(1546,2878)
(1547,1410)
(1548,3345)
(1549,1974)
(1550,2712)
(1551,1282)
(1552,2524)
(1553,1646)
(1554,2754)
(1555,2765)
(1556,1723)
(1557,680)
(1558,2721)
(1559,1522)
(1560,29)
(1561,2304)
(1562,872)
(1563,822)
(1564,2011)
(1565,1984)
(1566,1828)
(1567,534)
(1568,641)
(1569,2372)
(1570,1873)
(1571,3229)
(1572,3416)
(1573,1814)
(1574,1433)
(1575,1864)
(1576,1158)
(1577,369)
(1578,1954)
(1579,3417)
(1580,3346)
(1581,1790)
(1582,3120)
(1583,2520)
(1584,1479)
(1585,470)
(1586,494)
(1587,2821)
(1588,1478)
(1589,2144)
(1590,67)
(1591,1883)
(1592,3545)
(1593,3107)
(1594,1138)
(1595,3365)
(1596,1634)
(1597,2008)
(1598,1565)
(1599,2951)
(1600,370)
(1601,1420)
(1602,181)
(1603,994)
(1604,1900)
(1605,726)
(1606,1982)
(1607,452)
(1608,1090)
(1609,3267)
(1610,3046)
(1611,3373)
(1612,1459)
(1613,1715)
(1614,3132)
(1615,65)
(1616,812)
(1617,599)
(1618,1516)
(1619,1662)
(1620,514)
(1621,3184)
(1622,2677)
(1623,3136)
(1624,533)
(1625,3240)
(1626,583)
(1627,3597)
(1628,2310)
(1629,1533)
(1630,2418)
(1631,3541)
(1632,2151)
(1633,1721)
(1634,2256)
(1635,1304)
(1636,921)
(1637,3310)
(1638,1999)
(1639,250)
(1640,2666)
(1641,3251)
(1642,54)
(1643,2462)
(1644,2907)
(1645,782)
(1646,2546)
(1647,212)
(1648,2889)
(1649,3000)
(1650,1075)
(1651,114)
(1652,1633)
(1653,2380)
(1654,2032)
(1655,954)
(1656,3369)
(1657,1377)
(1658,2536)
(1659,3569)
(1660,1770)
(1661,676)
(1662,388)
(1663,2309)
(1664,3010)
(1665,259)
(1666,2570)
(1667,3091)
(1668,970)
(1669,377)
(1670,3572)
(1671,758)
(1672,1684)
(1673,126)
(1674,2934)
(1675,2596)
(1676,2006)
(1677,2606)
(1678,3317)
(1679,818)
(1680,2778)
(1681,2955)
(1682,2960)
(1683,2587)
(1684,86)
(1685,1525)
(1686,478)
(1687,3059)
(1688,2249)
(1689,1630)
(1690,2312)
(1691,1208)
(1692,3335)
(1693,1510)
(1694,1153)
(1695,1600)
(1696,592)
(1697,1945)
(1698,380)
(1699,1507)
(1700,1309)
(1701,1586)
(1702,2719)
(1703,90)
(1704,311)
(1705,3298)
(1706,1313)
(1707,1749)
(1708,682)
(1709,2274)
(1710,365)
(1711,1443)
(1712,3339)
(1713,2793)
(1714,49)
(1715,2267)
(1716,163)
(1717,643)
(1718,2905)
(1719,983)
(1720,2853)
(1721,154)
(1722,2250)
(1723,1691)
(1724,2684)
(1725,2242)
(1726,945)
(1727,912)
(1728,1131)
(1729,1033)
(1730,3044)
(1731,1344)
(1732,2426)
(1733,1617)
(1734,629)
(1735,2101)
(1736,1812)
(1737,817)
(1738,1527)
(1739,3090)
(1740,3123)
(1741,727)
(1742,656)
(1743,3392)
(1744,1897)
(1745,2344)
(1746,2873)
(1747,907)
(1748,2946)
(1749,1880)
(1750,1699)
(1751,2176)
(1752,3067)
(1753,2017)
(1754,2156)
(1755,2675)
(1756,109)
(1757,3026)
(1758,3455)
(1759,1722)
(1760,1157)
(1761,1599)
(1762,1977)
(1763,2737)
(1764,3442)
(1765,1609)
(1766,121)
(1767,3333)
(1768,1798)
(1769,148)
(1770,1230)
(1771,960)
(1772,1045)
(1773,3081)
(1774,593)
(1775,543)
(1776,1937)
(1777,2062)
(1778,2768)
(1779,2913)
(1780,1570)
(1781,1456)
(1782,1110)
(1783,1180)
(1784,1338)
(1785,1818)
(1786,1793)
(1787,3281)
(1788,2261)
(1789,257)
(1790,3291)
(1791,1867)
(1792,220)
(1793,167)
(1794,3218)
(1795,1028)
(1796,2331)
(1797,1139)
(1798,503)
(1799,1720)
(1800,3238)
(1801,2645)
(1802,831)
(1803,318)
(1804,2767)
(1805,1492)
(1806,2976)
(1807,3311)
(1808,1245)
(1809,843)
(1810,3012)
(1811,1486)
(1812,2210)
(1813,3436)
(1814,3270)
(1815,2950)
(1816,62)
(1817,1244)
(1818,2419)
(1819,359)
(1820,531)
(1821,345)
(1822,1233)
(1823,2516)
(1824,1593)
(1825,820)
(1826,184)
(1827,1622)
(1828,1472)
(1829,246)
(1830,1477)
(1831,211)
(1832,64)
(1833,2408)
(1834,3400)
(1835,1865)
(1836,640)
(1837,632)
(1838,87)
(1839,2414)
(1840,1710)
(1841,371)
(1842,444)
(1843,2443)
(1844,2201)
(1845,3374)
(1846,2914)
(1847,1725)
(1848,2430)
(1849,497)
(1850,2731)
(1851,1996)
(1852,1289)
(1853,800)
(1854,3086)
(1855,489)
(1856,938)
(1857,1563)
(1858,2182)
(1859,2947)
(1860,618)
(1861,409)
(1862,1098)
(1863,3207)
(1864,1597)
(1865,1552)
(1866,2512)
(1867,313)
(1868,779)
(1869,3358)
(1870,2234)
(1871,896)
(1872,1132)
(1873,333)
(1874,128)
(1875,1975)
(1876,1156)
(1877,309)
(1878,228)
(1879,2584)
(1880,751)
(1881,2823)
(1882,2758)
(1883,2874)
(1884,1027)
(1885,2607)
(1886,1825)
(1887,170)
(1888,1676)
(1889,971)
(1890,1025)
(1891,839)
(1892,2890)
(1893,3389)
(1894,3517)
(1895,3166)
(1896,894)
(1897,3022)
(1898,1726)
(1899,2002)
(1900,11)
(1901,2770)
(1902,2221)
(1903,350)
(1904,968)
(1905,3185)
(1906,2769)
(1907,841)
(1908,442)
(1909,3580)
(1910,957)
(1911,1848)
(1912,17)
(1913,3178)
(1914,9)
(1915,10)
(1916,991)
(1917,2030)
(1918,505)
(1919,1801)
(1920,3319)
(1921,476)
(1922,2115)
(1923,2541)
(1924,1637)
(1925,2015)
(1926,282)
(1927,623)
(1928,238)
(1929,3290)
(1930,3146)
(1931,1439)
(1932,367)
(1933,1330)
(1934,645)
(1935,3559)
(1936,406)
(1937,297)
(1938,42)
(1939,235)
(1940,1918)
(1941,3431)
(1942,3398)
(1943,1015)
(1944,1229)
(1945,972)
(1946,2469)
(1947,3145)
(1948,248)
(1949,821)
(1950,2058)
(1951,3006)
(1952,2962)
(1953,271)
(1954,1310)
(1955,3423)
(1956,1777)
(1957,3013)
(1958,540)
(1959,2093)
(1960,518)
(1961,1871)
(1962,1454)
(1963,2698)
(1964,1800)
(1965,3101)
(1966,2442)
(1967,1389)
(1968,2634)
(1969,2451)
(1970,1815)
(1971,2833)
(1972,3003)
(1973,3080)
(1974,2260)
(1975,525)
(1976,1360)
(1977,997)
(1978,1955)
(1979,1391)
(1980,1532)
(1981,3594)
(1982,2052)
(1983,2048)
(1984,2811)
(1985,3005)
(1986,1371)
(1987,2583)
(1988,2357)
(1989,1066)
(1990,3589)
(1991,3547)
(1992,1078)
(1993,979)
(1994,2909)
(1995,161)
(1996,2725)
(1997,2320)
(1998,2819)
(1999,3033)
(2000,1249)
(2001,1913)
(2002,3418)
(2003,756)
(2004,1827)
(2005,951)
(2006,2448)
(2007,427)
(2008,2298)
(2009,291)
(2010,1248)
(2011,1511)
(2012,3566)
(2013,3314)
(2014,2999)
(2015,1107)
(2016,3271)
(2017,1137)
(2018,1708)
(2019,1103)
(2020,2166)
(2021,2776)
(2022,1475)
(2023,124)
(2024,2204)
(2025,717)
(2026,842)
(2027,1611)
(2028,1509)
(2029,3057)
(2030,3141)
(2031,1740)
(2032,1421)
(2033,3250)
(2034,408)
(2035,382)
(2036,692)
(2037,338)
(2038,3576)
(2039,2484)
(2040,2915)
(2041,384)
(2042,3570)
(2043,904)
(2044,2944)
(2045,953)
(2046,1278)
(2047,2306)
(2048,2415)
(2049,1786)
(2050,3272)
(2051,865)
(2052,2211)
(2053,1272)
(2054,3318)
(2055,1934)
(2056,1133)
(2057,1358)
(2058,2095)
(2059,329)
(2060,180)
(2061,1142)
(2062,153)
(2063,3499)
(2064,2657)
(2065,732)
(2066,1397)
(2067,3437)
(2068,1517)
(2069,315)
(2070,242)
(2071,3036)
(2072,1108)
(2073,1535)
(2074,1942)
(2075,1741)
(2076,1746)
(2077,2870)
(2078,3103)
(2079,3182)
(2080,544)
(2081,897)
(2082,611)
(2083,1783)
(2084,2729)
(2085,2441)
(2086,2901)
(2087,3278)
(2088,3588)
(2089,2592)
(2090,2694)
(2091,2899)
(2092,133)
(2093,863)
(2094,1640)
(2095,2083)
(2096,3211)
(2097,2519)
(2098,1870)
(2099,3581)
(2100,3248)
(2101,2797)
(2102,1100)
(2103,3134)
(2104,749)
(2105,1166)
(2106,2466)
(2107,1115)
(2108,158)
(2109,1237)
(2110,1319)
(2111,3573)
(2112,1769)
(2113,1211)
(2114,877)
(2115,43)
(2116,1201)
(2117,3443)
(2118,1487)
(2119,2231)
(2120,2368)
(2121,74)
(2122,3064)
(2123,2172)
(2124,675)
(2125,3186)
(2126,536)
(2127,2910)
(2128,856)
(2129,2513)
(2130,2081)
(2131,1991)
(2132,2173)
(2133,40)
(2134,1855)
(2135,2105)
(2136,7)
(2137,2799)
(2138,934)
(2139,1947)
(2140,2705)
(2141,1185)
(2142,357)
(2143,2404)
(2144,179)
(2145,3315)
(2146,104)
(2147,438)
(2148,1081)
(2149,1803)
(2150,2641)
(2151,3283)
(2152,3353)
(2153,2902)
(2154,2660)
(2155,3261)
(2156,1887)
(2157,2132)
(2158,2345)
(2159,1223)
(2160,258)
(2161,2990)
(2162,3441)
(2163,2967)
(2164,3154)
(2165,1315)
(2166,1382)
(2167,1546)
(2168,1146)
(2169,1941)
(2170,2563)
(2171,2480)
(2172,579)
(2173,3226)
(2174,407)
(2175,2202)
(2176,3557)
(2177,3119)
(2178,1084)
(2179,336)
(2180,3440)
(2181,262)
(2182,2792)
(2183,3142)
(2184,2354)
(2185,2581)
(2186,1750)
(2187,1590)
(2188,352)
(2189,551)
(2190,1501)
(2191,3514)
(2192,2664)
(2193,2254)
(2194,2120)
(2195,387)
(2196,206)
(2197,1162)
(2198,1763)
(2199,70)
(2200,3009)
(2201,2232)
(2202,1538)
(2203,2358)
(2204,2269)
(2205,1333)
(2206,3419)
(2207,2454)
(2208,2077)
(2209,581)
(2210,2295)
(2211,171)
(2212,413)
(2213,2841)
(2214,414)
(2215,0)
(2216,2301)
(2217,446)
(2218,3447)
(2219,14)
(2220,3337)
(2221,168)
(2222,2843)
(2223,1705)
(2224,2642)
(2225,366)
(2226,2102)
(2227,988)
(2228,1767)
(2229,913)
(2230,3492)
(2231,701)
(2232,2467)
(2233,3160)
(2234,3480)
(2235,3450)
(2236,68)
(2237,1575)
(2238,2826)
(2239,3388)
(2240,1388)
(2241,1005)
(2242,3367)
(2243,2487)
(2244,1675)
(2245,532)
(2246,1709)
(2247,1480)
(2248,633)
(2249,356)
(2250,848)
(2251,2612)
(2252,3537)
(2253,1819)
(2254,1908)
(2255,1886)
(2256,3139)
(2257,526)
(2258,2825)
(2259,1396)
(2260,13)
(2261,3504)
(2262,361)
(2263,2422)
(2264,2033)
(2265,2041)
(2266,1217)
(2267,123)
(2268,2097)
(2269,566)
(2270,3212)
(2271,3084)
(2272,1258)
(2273,1751)
(2274,2578)
(2275,1231)
(2276,2504)
(2277,1613)
(2278,2012)
(2279,1795)
(2280,3206)
(2281,1035)
(2282,3065)
(2283,2872)
(2284,1222)
(2285,437)
(2286,690)
(2287,1811)
(2288,166)
(2289,2528)
(2290,1888)
(2291,3224)
(2292,1766)
(2293,736)
(2294,1579)
(2295,3300)
(2296,1711)
(2297,3116)
(2298,1530)
(2299,3058)
(2300,3040)
(2301,3243)
(2302,1698)
(2303,1247)
(2304,1412)
(2305,1445)
(2306,1383)
(2307,3140)
(2308,1572)
(2309,577)
(2310,2525)
(2311,1165)
(2312,2235)
(2313,2139)
(2314,1664)
(2315,1956)
(2316,1636)
(2317,955)
(2318,3328)
(2319,1160)
(2320,2175)
(2321,1149)
(2322,321)
(2323,1260)
(2324,2042)
(2325,422)
(2326,698)
(2327,3556)
(2328,112)
(2329,3148)
(2330,286)
(2331,545)
(2332,753)
(2333,198)
(2334,1390)
(2335,3362)
(2336,1150)
(2337,1067)
(2338,295)
(2339,222)
(2340,2928)
(2341,2302)
(2342,998)
(2343,1531)
(2344,2045)
(2345,1920)
(2346,1970)
(2347,3434)
(2348,748)
(2349,584)
(2350,975)
(2351,3228)
(2352,1736)
(2353,378)
(2354,1357)
(2355,666)
(2356,1290)
(2357,3045)
(2358,12)
(2359,93)
(2360,2308)
(2361,2271)
(2362,3477)
(2363,1912)
(2364,2822)
(2365,2412)
(2366,1730)
(2367,2699)
(2368,742)
(2369,3364)
(2370,467)
(2371,2564)
(2372,383)
(2373,3030)
(2374,2171)
(2375,1350)
(2376,1126)
(2377,1679)
(2378,3429)
(2379,2248)
(2380,2869)
(2381,2340)
(2382,3071)
(2383,574)
(2384,339)
(2385,2735)
(2386,2727)
(2387,3493)
(2388,1655)
(2389,236)
(2390,2966)
(2391,385)
(2392,2034)
(2393,596)
(2394,1632)
(2395,1932)
(2396,558)
(2397,1023)
(2398,1903)
(2399,71)
(2400,1962)
(2401,1060)
(2402,833)
(2403,1437)
(2404,703)
(2405,1808)
(2406,513)
(2407,2514)
(2408,1966)
(2409,619)
(2410,2894)
(2411,3079)
(2412,2567)
(2413,549)
(2414,419)
(2415,2066)
(2416,3027)
(2417,1243)
(2418,1083)
(2419,1274)
(2420,16)
(2421,2988)
(2422,1969)
(2423,433)
(2424,2936)
(2425,1147)
(2426,2129)
(2427,1658)
(2428,1021)
(2429,3019)
(2430,787)
(2431,851)
(2432,1203)
(2433,1176)
(2434,152)
(2435,341)
(2436,3461)
(2437,3507)
(2438,1423)
(2439,2702)
(2440,144)
(2441,2244)
(2442,2553)
(2443,572)
(2444,2273)
(2445,1293)
(2446,1614)
(2447,1481)
(2448,1921)
(2449,1601)
(2450,3491)
(2451,3255)
(2452,1447)
(2453,405)
(2454,373)
(2455,2558)
(2456,807)
(2457,3394)
(2458,1615)
(2459,2658)
(2460,2498)
(2461,3542)
(2462,3445)
(2463,781)
(2464,548)
(2465,2350)
(2466,2938)
(2467,3260)
(2468,3552)
(2469,2323)
(2470,2559)
(2471,269)
(2472,1242)
(2473,3501)
(2474,1256)
(2475,2339)
(2476,627)
(2477,1663)
(2478,2068)
(2479,2517)
(2480,2834)
(2481,213)
(2482,2489)
(2483,264)
(2484,1128)
(2485,1595)
(2486,3285)
(2487,1365)
(2488,116)
(2489,2366)
(2490,2773)
(2491,6)
(2492,1923)
(2493,1401)
(2494,1926)
(2495,3469)
(2496,728)
(2497,1607)
(2498,2482)
(2499,1832)
(2500,683)
(2501,1340)
(2502,2617)
(2503,763)
(2504,3371)
(2505,2205)
(2506,3052)
(2507,3205)
(2508,1882)
(2509,1053)
(2510,1582)
(2511,1550)
(2512,734)
(2513,1279)
(2514,797)
(2515,2837)
(2516,1845)
(2517,204)
(2518,1071)
(2519,218)
(2520,2333)
(2521,120)
(2522,342)
(2523,2060)
(2524,3002)
(2525,977)
(2526,2895)
(2527,1469)
(2528,791)
(2529,1627)
(2530,2168)
(2531,2549)
(2532,1910)
(2533,2659)
(2534,610)
(2535,1064)
(2536,241)
(2537,1605)
(2538,2259)
(2539,3340)
(2540,2740)
(2541,1191)
(2542,197)
(2543,2668)
(2544,2630)
(2545,2716)
(2546,1246)
(2547,2044)
(2548,1351)
(2549,3372)
(2550,757)
(2551,3177)
(2552,2143)
(2553,602)
(2554,2794)
(2555,3360)
(2556,1773)
(2557,801)
(2558,3321)
(2559,2669)
(2560,146)
(2561,3219)
(2562,21)
(2563,2911)
(2564,2868)
(2565,1276)
(2566,3299)
(2567,1884)
(2568,1820)
(2569,1318)
(2570,1277)
(2571,3432)
(2572,2971)
(2573,1625)
(2574,1218)
(2575,2417)
(2576,2726)
(2577,1651)
(2578,1014)
(2579,516)
(2580,3378)
(2581,853)
(2582,393)
(2583,2671)
(2584,1713)
(2585,2970)
(2586,498)
(2587,920)
(2588,3562)
(2589,1901)
(2590,1836)
(2591,1363)
(2592,1490)
(2593,2189)
(2594,3591)
(2595,1019)
(2596,1254)
(2597,1194)
(2598,3181)
(2599,528)
(2600,1032)
(2601,3170)
(2602,908)
(2603,1839)
(2604,2445)
(2605,1119)
(2606,3348)
(2607,814)
(2608,1198)
(2609,1368)
(2610,3284)
(2611,1545)
(2612,1227)
(2613,845)
(2614,1171)
(2615,1234)
(2616,1584)
(2617,3380)
(2618,1104)
(2619,2663)
(2620,3567)
(2621,777)
(2622,1826)
(2623,2397)
(2624,2096)
(2625,1461)
(2626,2689)
(2627,2056)
(2628,2064)
(2629,3015)
(2630,2079)
(2631,418)
(2632,1785)
(2633,52)
(2634,15)
(2635,2313)
(2636,326)
(2637,1178)
(2638,253)
(2639,1174)
(2640,1692)
(2641,2018)
(2642,1308)
(2643,1193)
(2644,2127)
(2645,1667)
(2646,696)
(2647,2996)
(2648,922)
(2649,2149)
(2650,2103)
(2651,1665)
(2652,1050)
(2653,1742)
(2654,2777)
(2655,2954)
(2656,263)
(2657,1562)
(2658,713)
(2659,1922)
(2660,2160)
(2661,2297)
(2662,3515)
(2663,178)
(2664,2086)
(2665,844)
(2666,3508)
(2667,2063)
(2668,1961)
(2669,1948)
(2670,464)
(2671,3187)
(2672,1267)
(2673,510)
(2674,3088)
(2675,719)
(2676,1325)
(2677,3453)
(2678,2136)
(2679,2987)
(2680,1297)
(2681,227)
(2682,2428)
(2683,2003)
(2684,890)
(2685,2763)
(2686,232)
(2687,1518)
(2688,2113)
(2689,793)
(2690,84)
(2691,58)
(2692,824)
(2693,1858)
(2694,1483)
(2695,2814)
(2696,762)
(2697,457)
(2698,613)
(2699,1405)
(2700,3122)
(2701,1268)
(2702,2223)
(2703,1772)
(2704,889)
(2705,1030)
(2706,1017)
(2707,3312)
(2708,3164)
(2709,2597)
(2710,959)
(2711,2055)
(2712,3467)
(2713,985)
(2714,468)
(2715,59)
(2716,1000)
(2717,1869)
(2718,517)
(2719,2329)
(2720,1733)
(2721,472)
(2722,3487)
(2723,61)
(2724,3129)
(2725,830)
(2726,1596)
(2727,1288)
(2728,2744)
(2729,244)
(2730,792)
(2731,136)
(2732,397)
(2733,1782)
(2734,2882)
(2735,1367)
(2736,2162)
(2737,1372)
(2738,2046)
(2739,3017)
(2740,2355)
(2741,1551)
(2742,786)
(2743,1225)
(2744,30)
(2745,2830)
(2746,3158)
(2747,2859)
(2748,2829)
(2749,447)
(2750,1889)
(2751,351)
(2752,89)
(2753,2111)
(2754,615)
(2755,2840)
(2756,1348)
(2757,1656)
(2758,937)
(2759,2691)
(2760,2049)
(2761,2827)
(2762,395)
(2763,620)
(2764,2965)
(2765,2123)
(2766,3324)
(2767,216)
(2768,3595)
(2769,3209)
(2770,1898)
(2771,3263)
(2772,2459)
(2773,1716)
(2774,1628)
(2775,1917)
(2776,737)
(2777,909)
(2778,374)
(2779,230)
(2780,3179)
(2781,881)
(2782,3269)
(2783,3325)
(2784,3553)
(2785,621)
(2786,2179)
(2787,1406)
(2788,563)
(2789,3031)
(2790,3016)
(2791,2114)
(2792,1094)
(2793,2631)
(2794,480)
(2795,2785)
(2796,202)
(2797,2152)
(2798,2090)
(2799,828)
(2800,759)
(2801,1569)
(2802,808)
(2803,2625)
(2804,2919)
(2805,3563)
(2806,582)
(2807,1072)
(2808,1677)
(2809,2852)
(2810,1616)
(2811,2908)
(2812,1095)
(2813,1810)
(2814,3361)
(2815,2043)
(2816,2941)
(2817,2848)
(2818,2130)
(2819,2718)
(2820,2717)
(2821,2599)
(2822,3234)
(2823,362)
(2824,3506)
(2825,1905)
(2826,2019)
(2827,3366)
(2828,456)
(2829,2608)
(2830,2456)
(2831,2098)
(2832,2600)
(2833,1141)
(2834,542)
(2835,2438)
(2836,2186)
(2837,200)
(2838,1013)
(2839,1933)
(2840,1735)
(2841,2184)
(2842,1854)
(2843,3564)
(2844,3053)
(2845,1978)
(2846,2387)
(2847,790)
(2848,2155)
(2849,2533)
(2850,2009)
(2851,3349)
(2852,2061)
(2853,1265)
(2854,884)
(2855,1924)
(2856,999)
(2857,2780)
(2858,770)
(2859,642)
(2860,1759)
(2861,3512)
(2862,1559)
(2863,709)
(2864,3210)
(2865,1853)
(2866,974)
(2867,1967)
(2868,2382)
(2869,2277)
(2870,3347)
(2871,1549)
(2872,1976)
(2873,2992)
(2874,2920)
(2875,1765)
(2876,1232)
(2877,3379)
(2878,803)
(2879,3320)
(2880,1135)
(2881,3121)
(2882,492)
(2883,2774)
(2884,3208)
(2885,3259)
(2886,96)
(2887,3165)
(2888,1411)
(2889,2104)
(2890,1951)
(2891,1339)
(2892,3072)
(2893,2222)
(2894,3522)
(2895,980)
(2896,2836)
(2897,2749)
(2898,3233)
(2899,1875)
(2900,191)
(2901,958)
(2902,2813)
(2903,2361)
(2904,234)
(2905,2881)
(2906,1576)
(2907,2453)
(2908,573)
(2909,3095)
(2910,754)
(2911,280)
(2912,3316)
(2913,2886)
(2914,2620)
(2915,1757)
(2916,2118)
(2917,2112)
(2918,1144)
(2919,381)
(2920,1695)
(2921,81)
(2922,1998)
(2923,3232)
(2924,3042)
(2925,2576)
(2926,1939)
(2927,1399)
(2928,2877)
(2929,78)
(2930,893)
(2931,555)
(2932,1056)
(2933,3063)
(2934,1650)
(2935,2243)
(2936,3407)
(2937,3454)
(2938,209)
(2939,3513)
(2940,2023)
(2941,2391)
(2942,2529)
(2943,1474)
(2944,138)
(2945,199)
(2946,2255)
(2947,2748)
(2948,941)
(2949,113)
(2950,3004)
(2951,3252)
(2952,1608)
(2953,2855)
(2954,1821)
(2955,716)
(2956,3159)
(2957,2918)
(2958,1226)
(2959,3112)
(2960,1670)
(2961,2979)
(2962,721)
(2963,919)
(2964,2065)
(2965,650)
(2966,5)
(2967,3147)
(2968,1894)
(2969,771)
(2970,2745)
(2971,177)
(2972,2279)
(2973,1508)
(2974,2196)
(2975,741)
(2976,1106)
(2977,1136)
(2978,1794)
(2979,662)
(2980,547)
(2981,2491)
(2982,1003)
(2983,2937)
(2984,2906)
(2985,2803)
(2986,1070)
(2987,2665)
(2988,1086)
(2989,3402)
(2990,3424)
(2991,2028)
(2992,2775)
(2993,1073)
(2994,1238)
(2995,3195)
(2996,2059)
(2997,1881)
(2998,1778)
(2999,952)
(3000,2722)
(3001,794)
(3002,2523)
(3003,3584)
(3004,1255)
(3005,3083)
(3006,1122)
(3007,704)
(3008,2496)
(3009,2632)
(3010,1257)
(3011,1046)
(3012,355)
(3013,2743)
(3014,368)
(3015,1109)
(3016,2615)
(3017,3439)
(3018,353)
(3019,125)
(3020,887)
(3021,1629)
(3022,275)
(3023,73)
(3024,3256)
(3025,289)
(3026,3183)
(3027,1022)
(3028,2682)
(3029,1080)
(3030,2779)
(3031,1738)
(3032,3295)
(3033,2074)
(3034,3127)
(3035,1435)
(3036,231)
(3037,3125)
(3038,871)
(3039,100)
(3040,1809)
(3041,1696)
(3042,310)
(3043,3342)
(3044,1857)
(3045,2964)
(3046,1876)
(3047,3412)
(3048,3114)
(3049,3276)
(3050,1515)
(3051,570)
(3052,989)
(3053,272)
(3054,403)
(3055,1776)
(3056,245)
(3057,38)
(3058,3384)
(3059,932)
(3060,2360)
(3061,2218)
(3062,1026)
(3063,587)
(3064,2931)
(3065,1378)
(3066,729)
(3067,796)
(3068,747)
(3069,888)
(3070,1796)
(3071,3262)
(3072,1981)
(3073,53)
(3074,929)
(3075,254)
(3076,455)
(3077,1558)
(3078,3246)
(3079,189)
(3080,3558)
(3081,196)
(3082,1543)
(3083,3592)
(3084,2157)
(3085,1494)
(3086,1834)
(3087,823)
(3088,1681)
(3089,2283)
(3090,1239)
(3091,83)
(3092,669)
(3093,2353)
(3094,1467)
(3095,1091)
(3096,1215)
(3097,1384)
(3098,1580)
(3099,290)
(3100,702)
(3101,2377)
(3102,1154)
(3103,2013)
(3104,1734)
(3105,2897)
(3106,1571)
(3107,76)
(3108,2757)
(3109,3382)
(3110,1034)
(3111,1779)
(3112,1047)
(3113,1557)
(3114,1228)
(3115,1352)
(3116,2311)
(3117,2373)
(3118,392)
(3119,554)
(3120,1915)
(3121,402)
(3122,2170)
(3123,2798)
(3124,1672)
(3125,2927)
(3126,2000)
(3127,92)
(3128,868)
(3129,923)
(3130,1101)
(3131,354)
(3132,864)
(3133,3468)
(3134,360)
(3135,1647)
(3136,3404)
(3137,2088)
(3138,1743)
(3139,139)
(3140,3548)
(3141,3217)
(3142,2681)
(3143,1789)
(3144,2389)
(3145,1446)
(3146,2842)
(3147,1422)
(3148,3488)
(3149,2194)
(3150,107)
(3151,2247)
(3152,939)
(3153,2885)
(3154,298)
(3155,2710)
(3156,2177)
(3157,1748)
(3158,482)
(3159,490)
(3160,3586)
(3161,1674)
(3162,2209)
(3163,1602)
(3164,460)
(3165,1835)
(3166,435)
(3167,240)
(3168,410)
(3169,273)
(3170,1011)
(3171,2856)
(3172,1544)
(3173,1519)
(3174,3503)
(3175,2703)
(3176,1520)
(3177,3109)
(3178,3560)
(3179,3446)
(3180,1473)
(3181,1)
(3182,106)
(3183,147)
(3184,2381)
(3185,2534)
(3186,1196)
(3187,973)
(3188,3202)
(3189,2867)
(3190,2845)
(3191,1036)
(3192,2784)
(3193,327)
(3194,2787)
(3195,1756)
(3196,1603)
(3197,450)
(3198,2839)
(3199,3596)
(3200,2762)
(3201,1311)
(3202,1718)
(3203,928)
(3204,3390)
(3205,2050)
(3206,874)
(3207,535)
(3208,2305)
(3209,1997)
(3210,976)
(3211,3024)
(3212,2435)
(3213,1994)
(3214,2619)
(3215,1145)
(3216,708)
(3217,705)
(3218,2503)
(3219,1971)
(3220,3011)
(3221,3408)
(3222,3363)
(3223,2346)
(3224,3277)
(3225,1874)
(3226,2924)
(3227,1764)
(3228,2141)
(3229,2679)
(3230,1732)
(3231,2485)
(3232,546)
(3233,2505)
(3234,783)
(3235,2252)
(3236,2488)
(3237,183)
(3238,1548)
(3239,2662)
(3240,3459)
(3241,1587)
(3242,1797)
(3243,556)
(3244,3483)
(3245,2661)
(3246,1189)
(3247,3133)
(3248,2554)
(3249,2706)
(3250,55)
(3251,1089)
(3252,2552)
(3253,1890)
(3254,3528)
(3255,1574)
(3256,745)
(3257,88)
(3258,1061)
(3259,3307)
(3260,2292)
(3261,188)
(3262,3399)
(3263,2700)
(3264,48)
(3265,1644)
(3266,1058)
(3267,2736)
(3268,1305)
(3269,2089)
(3270,3550)
(3271,1925)
(3272,1660)
(3273,463)
(3274,2325)
(3275,1354)
(3276,2715)
(3277,1500)
(3278,2237)
(3279,685)
(3280,769)
(3281,1862)
(3282,2416)
(3283,2336)
(3284,965)
(3285,2542)
(3286,2636)
(3287,1704)
(3288,1111)
(3289,617)
(3290,1591)
(3291,375)
(3292,3135)
(3293,3113)
(3294,1638)
(3295,1347)
(3296,1513)
(3297,453)
(3298,75)
(3299,3128)
(3300,1062)
(3301,1296)
(3302,3293)
(3303,2399)
(3304,825)
(3305,3554)
(3306,1973)
(3307,279)
(3308,91)
(3309,527)
(3310,2667)
(3311,942)
(3312,1440)
(3313,917)
(3314,2369)
(3315,2795)
(3316,3344)
(3317,2461)
(3318,1329)
(3319,1125)
(3320,426)
(3321,926)
(3322,400)
(3323,1687)
(3324,2846)
(3325,3518)
(3326,1202)
(3327,2650)
(3328,1731)
(3329,2574)
(3330,2497)
(3331,2413)
(3332,2178)
(3333,1581)
(3334,2686)
(3335,1327)
(3336,2896)
(3337,654)
(3338,639)
(3339,2591)
(3340,3241)
(3341,3470)
(3342,95)
(3343,312)
(3344,237)
(3345,500)
(3346,3268)
(3347,2386)
(3348,1813)
(3349,481)
(3350,2985)
(3351,1464)
(3352,2134)
(3353,3368)
(3354,348)
(3355,217)
(3356,347)
(3357,936)
(3358,3385)
(3359,2288)
(3360,2622)
(3361,962)
(3362,943)
(3363,2557)
(3364,725)
(3365,1943)
(3366,2982)
(3367,2594)
(3368,2973)
(3369,3124)
(3370,2026)
(3371,3070)
(3372,27)
(3373,766)
(3374,3359)
(3375,2499)
(3376,1424)
(3377,935)
(3378,2796)
(3379,247)
(3380,117)
(3381,2994)
(3382,2337)
(3383,3117)
(3384,2121)
(3385,699)
(3386,1612)
(3387,1250)
(3388,875)
(3389,2688)
(3390,2392)
(3391,2108)
(3392,634)
(3393,3227)
(3394,1927)
(3395,415)
(3396,1914)
(3397,3375)
(3398,1117)
(3399,3406)
(3400,1262)
(3401,3190)
(3402,3341)
(3403,2943)
(3404,836)
(3405,730)
(3406,2378)
(3407,1323)
(3408,1220)
(3409,1120)
(3410,2925)
(3411,2233)
(3412,3532)
(3413,502)
(3414,776)
(3415,1049)
(3416,3244)
(3417,2449)
(3418,775)
(3419,2544)
(3420,630)
(3421,3051)
(3422,2351)
(3423,2150)
(3424,1986)
(3425,335)
(3426,1512)
(3427,1418)
(3428,3174)
(3429,2604)
(3430,2984)
(3431,1588)
(3432,3047)
(3433,1105)
(3434,1606)
(3435,2786)
(3436,2294)
(3437,1935)
(3438,2307)
(3439,2289)
(3440,3060)
(3441,1428)
(3442,499)
(3443,2410)
(3444,1755)
(3445,3225)
(3446,966)
(3447,2158)
(3448,2124)
(3449,3021)
(3450,2436)
(3451,1784)
(3452,3422)
(3453,724)
(3454,664)
(3455,1123)
(3456,1398)
(3457,3301)
(3458,2014)
(3459,2439)
(3460,1426)
(3461,1044)
(3462,2824)
(3463,644)
(3464,2511)
(3465,2284)
(3466,523)
(3467,3463)
(3468,1697)
(3469,2865)
(3470,1321)
(3471,3020)
(3472,1484)
(3473,2857)
(3474,412)
(3475,809)
(3476,2655)
(3477,667)
(3478,3137)
(3479,2117)
(3480,3523)
(3481,2556)
(3482,1539)
(3483,1112)
(3484,2347)
(3485,1805)
(3486,432)
(3487,1096)
(3488,2752)
(3489,132)
(3490,706)
(3491,473)
(3492,1620)
(3493,3204)
(3494,1432)
(3495,1958)
(3496,50)
(3497,1916)
(3498,1523)
(3499,1841)
(3500,3587)
(3501,1068)
(3502,1302)
(3503,60)
(3504,2343)
(3505,1791)
(3506,36)
(3507,386)
(3508,2508)
(3509,1269)
(3510,744)
(3511,2035)
(3512,1419)
(3513,2246)
(3514,1885)
(3515,2724)
(3516,1604)
(3517,529)
(3518,1438)
(3519,2481)
(3520,32)
(3521,2561)
(3522,1690)
(3523,82)
(3524,2193)
(3525,57)
(3526,3066)
(3527,2624)
(3528,2611)
(3529,2808)
(3530,1895)
(3531,3035)
(3532,277)
(3533,285)
(3534,1959)
(3535,1843)
(3536,1116)
(3537,826)
(3538,436)
(3539,2027)
(3540,911)
(3541,2471)
(3542,1499)
(3543,857)
(3544,883)
(3545,2437)
(3546,1712)
(3547,2759)
(3548,3332)
(3549,1172)
(3550,288)
(3551,2532)
(3552,302)
(3553,3168)
(3554,731)
(3555,66)
(3556,2980)
(3557,306)
(3558,765)
(3559,2371)
(3560,3338)
(3561,2539)
(3562,3551)
(3563,2695)
(3564,1957)
(3565,2900)
(3566,524)
(3567,1706)
(3568,1985)
(3569,2403)
(3570,1320)
(3571,3475)
(3572,2010)
(3573,607)
(3574,157)
(3575,816)
(3576,2431)
(3577,3538)
(3578,1619)
(3579,2753)
(3580,2278)
(3581,3076)
(3582,2709)
(3583,3130)
(3584,3214)
(3585,898)
(3586,1944)
(3587,1159)
(3588,37)
(3589,1485)
(3590,3180)
(3591,3296)
(3592,1989)
(3593,1009)
(3594,3473)
(3595,101)
(3596,1851)
(3597,3496)
(3598,1281)
(3599,8)
