0,1962
1,1890
2,1748
3,473
4,1155
5,3688
6,63
7,1875
8,2761
9,3838
10,1458
11,3248
12,2840
13,4095
14,2976
15,3644
16,2510
17,386
18,3235
19,4094
20,1611
21,1537
22,3817
23,1760
24,3636
25,650
26,382
27,300
28,1438
29,2210
30,3060
31,2927
32,2967
33,3852
34,3039
35,1554
36,2940
37,1545
38,1455
39,525
40,3950
41,1590
42,518
43,3542
44,980
45,1730
46,4015
47,4001
48,3702
49,2329
50,146
51,1318
52,3791
53,569
54,968
55,2739
56,2981
57,2340
58,2533
59,2390
60,443
61,2124
62,3099
63,1974
64,4086
65,609
66,70
67,1700
68,282
69,3684
70,1352
71,3284
72,851
73,2324
74,3812
75,2529
76,1389
77,3948
78,3461
79,874
80,3327
81,2445
82,396
83,2035
84,3446
85,2331
86,715
87,1243
88,1597
89,3271
90,4036
91,3374
92,3264
93,1599
94,1086
95,1626
96,3104
97,3408
98,866
99,1149
100,2825
101,3129
102,1779
103,3664
104,96
105,3029
106,2352
107,1125
108,1284
109,2175
110,2813
111,1033
112,975
113,1058
114,4054
115,1119
116,2988
117,178
118,1338
119,2909
120,1019
121,1308
122,1914
123,1904
124,727
125,3038
126,1311
127,3483
128,3427
129,370
130,3949
131,933
132,1743
133,3355
134,1493
135,3114
136,698
137,3662
138,3061
139,2345
140,2749
141,439
142,1564
143,175
144,2532
145,1631
146,1494
147,2704
148,2538
149,2218
150,1141
151,3379
152,1412
153,1289
154,1588
155,2550
156,3270
157,2161
158,1790
159,3407
160,1550
161,3452
162,936
163,3341
164,2030
165,3274
166,394
167,3759
168,3330
169,1852
170,1591
171,2036
172,3569
173,4084
174,3602
175,2849
176,2644
177,3123
178,3678
179,3331
180,3711
181,329
182,2626
183,1193
184,1448
185,514
186,1267
187,298
188,667
189,2918
190,1745
191,1651
192,1642
193,883
194,3769
195,2040
196,2499
197,49
198,4000
199,2961
200,3435
201,3923
202,1604
203,2433
204,2398
205,2110
206,1063
207,2206
208,3561
209,287
210,1744
211,1709
212,3046
213,1538
214,1392
215,2207
216,544
217,400
218,877
219,171
220,813
221,1783
222,1203
223,3725
224,3485
225,2456
226,2792
227,3329
228,4045
229,1341
230,1964
231,1539
232,3020
233,2609
234,1222
235,2496
236,2896
237,3333
238,2607
239,800
240,85
241,94
242,1467
243,3682
244,792
245,2402
246,3715
247,1713
248,3203
249,703
250,3346
251,1684
252,2003
253,1619
254,2307
255,2148
256,2794
257,1822
258,444
259,1482
260,3930
261,2586
262,1561
263,1005
264,863
265,2250
266,3016
267,3763
268,4065
269,2267
270,1049
271,2222
272,3885
273,1813
274,174
275,3234
276,3724
277,3979
278,1100
279,2077
280,3656
281,3324
282,4087
283,3519
284,3853
285,268
286,627
287,1400
288,3598
289,169
290,3237
291,1483
292,2356
293,571
294,527
295,2180
296,1025
297,991
298,1837
299,3302
300,2013
301,3213
302,3963
303,3272
304,242
305,1142
306,2734
307,954
308,240
309,3353
310,3726
311,2466
312,296
313,3161
314,1522
315,1353
316,3742
317,1173
318,2878
319,3292
320,2802
321,3137
322,684
323,4053
324,3010
325,662
326,1997
327,870
328,1854
329,345
330,2591
331,1775
332,239
333,1282
334,1247
335,3182
336,1294
337,2944
338,1057
339,182
340,366
341,1365
342,847
343,729
344,2711
345,1786
346,1355
347,3597
348,2864
349,2715
350,3619
351,2737
352,3406
353,2012
354,376
355,821
356,2429
357,834
358,1134
359,1170
360,446
361,2335
362,2950
363,749
364,1287
365,976
366,2780
367,2815
368,849
369,2937
370,2831
371,1325
372,1156
373,3206
374,4091
375,4061
376,1441
377,848
378,3242
379,1101
380,2703
381,717
382,3593
383,1362
384,290
385,503
386,133
387,2203
388,1281
389,1920
390,994
391,3920
392,426
393,2934
394,3145
395,2521
396,2771
397,2643
398,700
399,1983
400,3164
401,4051
402,2884
403,262
404,2585
405,1737
406,646
407,1989
408,2198
409,1896
410,938
411,1469
412,3239
413,3189
414,194
415,3364
416,2290
417,999
418,2690
419,2565
420,4062
421,2614
422,3503
423,3789
424,3559
425,148
426,996
427,3992
428,1534
429,2935
430,2091
431,2217
432,421
433,3974
434,945
435,3484
436,4055
437,1056
438,3252
439,1863
440,4014
441,2224
442,3831
443,1350
444,301
445,659
446,3646
447,2471
448,1097
449,3298
450,808
451,3017
452,2328
453,2056
454,993
455,3198
456,2205
457,3397
458,2451
459,3583
460,500
461,3800
462,67
463,1106
464,841
465,1992
466,2779
467,449
468,3574
469,2914
470,4031
471,214
472,1320
473,3770
474,3935
475,2302
476,3393
477,3716
478,117
479,1068
480,26
481,2619
482,317
483,1923
484,916
485,2195
486,2523
487,2039
488,436
489,1053
490,283
491,3721
492,2730
493,3120
494,390
495,796
496,2415
497,2090
498,3243
499,1214
500,1731
501,899
502,3347
503,481
504,1840
505,2320
506,3625
507,1800
508,3679
509,3110
510,3133
511,2008
512,2462
513,3834
514,3777
515,416
516,3497
517,2306
518,3823
519,989
520,2827
521,1644
522,2033
523,1283
524,4034
525,3142
526,4002
527,1437
528,249
529,399
530,1819
531,409
532,2448
533,1128
534,2837
535,3175
536,33
537,3473
538,2747
539,1046
540,2869
541,3899
542,740
543,1548
544,3073
545,2199
546,3641
547,3712
548,1416
549,167
550,2722
551,1303
552,3532
553,1947
554,3362
555,1207
556,962
557,2964
558,3865
559,3761
560,1507
561,3969
562,2844
563,1323
564,704
565,1430
566,990
567,549
568,351
569,224
570,1010
571,660
572,3855
573,1870
574,4
575,2740
576,2019
577,226
578,3845
579,3695
580,2458
581,4011
582,2006
583,5
584,1224
585,2680
586,2397
587,2270
588,3609
589,2853
590,129
591,773
592,2132
593,3143
594,3190
595,368
596,2114
597,213
598,3332
599,3199
600,758
601,3244
602,817
603,2887
604,1843
605,3030
606,3080
607,3922
608,3808
609,711
610,1607
611,1897
612,3126
613,541
614,1828
615,3396
616,1
617,1928
618,852
619,255
620,508
621,2215
622,2321
623,554
624,4016
625,1747
626,1559
627,2600
628,770
629,3228
630,2949
631,89
632,2560
633,1952
634,3973
635,2726
636,1336
637,1766
638,3801
639,3514
640,1090
641,2220
642,1652
643,1895
644,2214
645,66
646,1773
647,2738
648,687
649,1285
650,1687
651,924
652,1126
653,2237
654,1777
655,18
656,3549
657,3837
658,2245
659,1196
660,3538
661,487
662,2064
663,3437
664,689
665,1633
666,2791
667,3185
668,42
669,3863
670,158
671,574
672,2441
673,3687
674,2732
675,154
676,730
677,1917
678,624
679,553
680,3040
681,2330
682,367
683,1650
684,3231
685,3023
686,857
687,2376
688,971
689,1216
690,3403
691,1758
692,2465
693,3582
694,4008
695,79
696,721
697,1948
698,1179
699,1088
700,453
701,2606
702,3085
703,3170
704,1096
705,1210
706,2391
707,2291
708,3276
709,2384
710,3316
711,3977
712,1300
713,2365
714,2278
715,1492
716,1380
717,2706
718,3326
719,2518
720,963
721,547
722,344
723,2388
724,707
725,1721
726,2642
727,1821
728,217
729,1495
730,1081
731,3258
732,822
733,229
734,2483
735,2613
736,116
737,2094
738,2536
739,3105
740,1370
741,520
742,2664
743,3118
744,1782
745,2814
746,1764
747,2880
748,2263
749,429
750,1328
751,3638
752,2539
753,2354
754,596
755,3669
756,1690
757,1180
758,3986
759,2781
760,601
761,1515
762,3295
763,2461
764,2311
765,3339
766,1158
767,3321
768,3065
769,657
770,321
771,334
772,3657
773,3893
774,1889
775,1832
776,1021
777,664
778,1363
779,20
780,2032
781,2370
782,2305
783,3476
784,3463
785,149
786,1408
787,1908
788,3878
789,1711
790,3643
791,3310
792,1371
793,2474
794,2931
795,733
796,313
797,1945
798,3872
799,2460
800,2917
801,1290
802,533
803,471
804,2506
805,2477
806,2403
807,1334
808,1379
809,401
810,1715
811,1091
812,1525
813,2079
814,2899
815,3411
816,2557
817,2527
818,771
819,1980
820,4010
821,3163
822,3401
823,835
824,1981
825,3132
826,3868
827,2686
828,2671
829,3968
830,3919
831,1647
832,1075
833,1062
834,2804
835,3596
836,2082
837,2208
838,2819
839,3798
840,2789
841,2820
842,1930
843,3567
844,1749
845,2721
846,3345
847,3642
848,1938
849,252
850,377
851,1425
852,1490
853,1657
854,1788
855,2101
856,3151
857,2135
858,3442
859,3256
860,130
861,2484
862,2515
863,620
864,2522
865,2034
866,3648
867,1820
868,2450
869,3495
870,3308
871,32
872,3895
873,3689
874,2660
875,2255
876,1655
877,2767
878,1541
879,3494
880,1934
881,1172
882,3578
883,3857
884,844
885,2089
886,153
887,588
888,1792
889,467
890,1249
891,931
892,3012
893,2149
894,2233
895,1578
896,706
897,3304
898,4019
899,2874
900,1431
901,3533
902,2954
903,430
904,1339
905,2038
906,2385
907,1202
908,3245
909,3159
910,343
911,2374
912,155
913,914
914,3802
915,1903
916,131
917,451
918,1831
919,3269
920,285
921,3307
922,3681
923,1296
924,616
925,256
926,3128
927,2958
928,2763
929,2113
930,3278
931,1961
932,3416
933,532
934,270
935,1488
936,2116
937,4060
938,3079
939,2684
940,476
941,196
942,658
943,1261
944,3581
945,47
946,2980
947,3745
948,1059
949,97
950,2939
951,3520
952,759
953,3804
954,961
955,43
956,3153
957,542
958,2582
959,1630
960,755
961,3169
962,3439
963,2128
964,3227
965,2528
966,1958
967,2137
968,3779
969,2138
970,325
971,2004
972,1144
973,2679
974,48
975,2139
976,2437
977,843
978,78
979,2713
980,1337
981,95
982,2053
983,3289
984,3031
985,890
986,215
987,2696
988,163
989,3970
990,3785
991,3994
992,307
993,3603
994,1864
995,1357
996,2594
997,1563
998,2242
999,676
1000,635
1001,1602
1002,2616
1003,3645
1004,1484
1005,2946
1006,1236
1007,140
1008,3167
1009,1421
1010,1570
1011,260
1012,2301
1013,3572
1014,2349
1015,1085
1016,2653
1017,3226
1018,3220
1019,1803
1020,1498
1021,2801
1022,1706
1023,1865
1024,2154
1025,165
1026,3515
1027,266
1028,1153
1029,1916
1030,2298
1031,2751
1032,1465
1033,619
1034,1036
1035,794
1036,164
1037,2636
1038,2318
1039,1376
1040,485
1041,2042
1042,204
1043,2409
1044,4049
1045,643
1046,3536
1047,4004
1048,1756
1049,2029
1050,1940
1051,2368
1052,3985
1053,318
1054,458
1055,384
1056,2147
1057,2146
1058,1032
1059,3287
1060,3523
1061,3204
1062,2037
1063,1301
1064,536
1065,3788
1066,2795
1067,1133
1068,3531
1069,900
1070,1190
1071,1471
1072,166
1073,201
1074,825
1075,1087
1076,179
1077,2045
1078,606
1079,531
1080,1152
1081,3840
1082,987
1083,2282
1084,2824
1085,750
1086,109
1087,452
1088,1596
1089,61
1090,1876
1091,3594
1092,1543
1093,2254
1094,820
1095,3049
1096,1722
1097,602
1098,3144
1099,1039
1100,2733
1101,748
1102,2103
1103,3781
1104,1976
1105,2868
1106,4046
1107,2234
1108,1536
1109,2768
1110,772
1111,2491
1112,725
1113,137
1114,474
1115,294
1116,2629
1117,1473
1118,1159
1119,3051
1120,1235
1121,1331
1122,2746
1123,854
1124,1878
1125,814
1126,3525
1127,3810
1128,977
1129,3873
1130,2069
1131,2166
1132,1999
1133,422
1134,3342
1135,2982
1136,1993
1137,3257
1138,3334
1139,2121
1140,1519
1141,495
1142,829
1143,3953
1144,3306
1145,2353
1146,2559
1147,60
1148,576
1149,1511
1150,3366
1151,1621
1152,1401
1153,3041
1154,44
1155,1013
1156,113
1157,3748
1158,417
1159,1808
1160,2157
1161,908
1162,3786
1163,2025
1164,303
1165,1529
1166,2772
1167,642
1168,3637
1169,1625
1170,3746
1171,424
1172,3822
1173,271
1174,3005
1175,3127
1176,3071
1177,3730
1178,1381
1179,3806
1180,2556
1181,1240
1182,2990
1183,1818
1184,1487
1185,1454
1186,754
1187,2165
1188,1397
1189,3621
1190,2873
1191,626
1192,922
1193,1510
1194,1965
1195,2836
1196,1620
1197,3591
1198,2472
1199,2723
1200,1324
1201,2170
1202,806
1203,123
1204,1345
1205,3299
1206,4088
1207,2561
1208,3097
1209,1530
1210,2377
1211,3877
1212,3344
1213,743
1214,1666
1215,3412
1216,1175
1217,1383
1218,2573
1219,898
1220,1562
1221,3430
1222,593
1223,2179
1224,2623
1225,3350
1226,193
1227,2583
1228,2622
1229,1703
1230,3195
1231,1011
1232,1663
1233,1145
1234,4092
1235,1477
1236,51
1237,2112
1238,488
1239,1805
1240,2952
1241,2882
1242,2920
1243,4040
1244,3186
1245,3359
1246,181
1247,2665
1248,3077
1249,402
1250,114
1251,1366
1252,3850
1253,2007
1254,1641
1255,2546
1256,3399
1257,1259
1258,1944
1259,427
1260,1024
1261,3713
1262,1129
1263,232
1264,1669
1265,949
1266,3862
1267,3454
1268,1921
1269,3516
1270,2851
1271,2269
1272,2359
1273,3441
1274,2219
1275,418
1276,3388
1277,617
1278,1767
1279,1772
1280,2540
1281,2343
1282,3421
1283,2892
1284,2414
1285,3829
1286,484
1287,1846
1288,1140
1289,3233
1290,1886
1291,545
1292,408
1293,818
1294,2595
1295,1966
1296,1065
1297,3799
1298,2211
1299,1936
1300,1034
1301,4050
1302,3941
1303,1793
1304,2475
1305,1873
1306,3457
1307,904
1308,2296
1309,3616
1310,1860
1311,522
1312,3633
1313,54
1314,3703
1315,896
1316,238
1317,3431
1318,1420
1319,1906
1320,2517
1321,3450
1322,1797
1323,888
1324,1223
1325,3847
1326,2252
1327,568
1328,1503
1329,654
1330,1073
1331,3068
1332,2647
1333,1463
1334,2430
1335,3015
1336,72
1337,1724
1338,1862
1339,3361
1340,1505
1341,1181
1342,2993
1343,712
1344,3588
1345,3665
1346,934
1347,959
1348,1645
1349,461
1350,2512
1351,2605
1352,39
1353,3848
1354,3404
1355,1587
1356,886
1357,3846
1358,4029
1359,2628
1360,529
1361,245
1362,3736
1363,1796
1364,210
1365,3194
1366,8
1367,559
1368,1137
1369,3584
1370,3728
1371,3211
1372,1973
1373,3836
1374,610
1375,3754
1376,731
1377,30
1378,4078
1379,2765
1380,2194
1381,2907
1382,3283
1383,1027
1384,3723
1385,2877
1386,191
1387,82
1388,261
1389,379
1390,765
1391,3925
1392,3165
1393,347
1394,2630
1395,0
1396,1309
1397,3063
1398,3757
1399,2832
1400,1174
1401,1047
1402,460
1403,2861
1404,942
1405,2186
1406,434
1407,1937
1408,1593
1409,1333
1410,312
1411,1150
1412,2989
1413,3445
1414,1637
1415,1385
1416,3377
1417,1801
1418,3628
1419,3470
1420,3696
1421,919
1422,2901
1423,3348
1424,2024
1425,3059
1426,502
1427,2027
1428,853
1429,1342
1430,2140
1431,1509
1432,1624
1433,437
1434,1367
1435,1023
1436,466
1437,2065
1438,579
1439,2847
1440,37
1441,1804
1442,3152
1443,1432
1444,1414
1445,958
1446,720
1447,2382
1448,52
1449,1982
1450,3518
1451,2449
1452,2959
1453,2535
1454,4032
1455,2985
1456,1855
1457,1485
1458,1127
1459,3733
1460,3360
1461,804
1462,218
1463,992
1464,250
1465,582
1466,2910
1467,1799
1468,1986
1469,697
1470,1681
1471,1108
1472,1105
1473,3158
1474,1677
1475,1185
1476,672
1477,36
1478,157
1479,3479
1480,414
1481,3651
1482,2941
1483,3418
1484,3905
1485,1678
1486,1369
1487,682
1488,1662
1489,3534
1490,1547
1491,2913
1492,3998
1493,3300
1494,789
1495,168
1496,3600
1497,3874
1498,2762
1499,526
1500,779
1501,1857
1502,1136
1503,860
1504,2182
1505,3605
1506,592
1507,3768
1508,1250
1509,4093
1510,1883
1511,405
1512,189
1513,2915
1514,2485
1515,2817
1516,1066
1517,1565
1518,683
1519,3323
1520,2856
1521,2371
1522,93
1523,2287
1524,573
1525,3013
1526,2835
1527,915
1528,438
1529,177
1530,1373
1531,4079
1532,184
1533,2615
1534,1520
1535,548
1536,6
1537,2891
1538,3216
1539,2126
1540,597
1541,3587
1542,3661
1543,295
1544,1435
1545,306
1546,845
1547,2367
1548,939
1549,2292
1550,3879
1551,3774
1552,2808
1553,3860
1554,855
1555,3309
1556,3007
1557,3981
1558,2714
1559,2731
1560,2181
1561,4059
1562,3219
1563,3735
1564,340
1565,2115
1566,902
1567,2489
1568,823
1569,1814
1570,3191
1571,3121
1572,2486
1573,1329
1574,3805
1575,3843
1576,3615
1577,2453
1578,3449
1579,2710
1580,1439
1581,2786
1582,3370
1583,3318
1584,3505
1585,1241
1586,3414
1587,1708
1588,2829
1589,3082
1590,1933
1591,2406
1592,1387
1593,3796
1594,2655
1595,3351
1596,2588
1597,2054
1598,3236
1599,1727
1600,2404
1601,41
1602,1364
1603,7
1604,3671
1605,1393
1606,1230
1607,663
1608,3709
1609,604
1610,3043
1611,3897
1612,103
1613,2361
1614,1476
1615,1824
1616,3135
1617,1882
1618,16
1619,1080
1620,1533
1621,3827
1622,2493
1623,600
1624,335
1625,577
1626,1995
1627,1035
1628,930
1629,3954
1630,413
1631,565
1632,2288
1633,1292
1634,3422
1635,3586
1636,2468
1637,3803
1638,1330
1639,2638
1640,2810
1641,3639
1642,2225
1643,1132
1644,3900
1645,308
1646,2344
1647,2421
1648,3501
1649,3650
1650,3372
1651,3357
1652,491
1653,1517
1654,1095
1655,1029
1656,1104
1657,3263
1658,2855
1659,1094
1660,3072
1661,998
1662,38
1663,1674
1664,2503
1665,1403
1666,2057
1667,4027
1668,677
1669,3477
1670,2544
1671,3053
1672,3980
1673,1489
1674,1076
1675,2745
1676,192
1677,29
1678,1157
1679,2639
1680,275
1681,162
1682,25
1683,3210
1684,767
1685,3546
1686,2673
1687,523
1688,2142
1689,3262
1690,1449
1691,2596
1692,1901
1693,2325
1694,1123
1695,2490
1696,1275
1697,442
1698,1513
1699,493
1700,1535
1701,425
1702,1688
1703,357
1704,1998
1705,2068
1706,605
1707,1695
1708,1912
1709,83
1710,150
1711,338
1712,1426
1713,3455
1714,3317
1715,3147
1716,145
1717,228
1718,58
1719,631
1720,2758
1721,3246
1722,1751
1723,587
1724,3680
1725,1000
1726,505
1727,3107
1728,1279
1729,2176
1730,310
1731,2015
1732,1733
1733,1784
1734,1166
1735,322
1736,188
1737,2839
1738,1258
1739,3108
1740,3091
1741,3691
1742,1143
1743,1680
1744,2172
1745,227
1746,3315
1747,2073
1748,3383
1749,1810
1750,2635
1751,3876
1752,1712
1753,1208
1754,1741
1755,3241
1756,2028
1757,1093
1758,2253
1759,2951
1760,699
1761,948
1762,562
1763,187
1764,278
1765,2922
1766,2843
1767,2001
1768,920
1769,1452
1770,1112
1771,675
1772,1161
1773,511
1774,2925
1775,2339
1776,2752
1777,3365
1778,492
1779,752
1780,46
1781,299
1782,2936
1783,2621
1784,2313
1785,1769
1786,1486
1787,563
1788,2526
1789,75
1790,3050
1791,1926
1792,4068
1793,3425
1794,383
1795,1635
1796,3700
1797,2895
1798,128
1799,241
1800,3697
1801,2668
1802,846
1803,1850
1804,2776
1805,3915
1806,552
1807,2017
1808,2590
1809,819
1810,802
1811,1083
1812,1346
1813,1445
1814,3737
1815,3510
1816,1405
1817,4005
1818,3734
1819,3458
1820,891
1821,1573
1822,653
1823,2960
1824,3764
1825,478
1826,2051
1827,2373
1828,3448
1829,873
1830,3686
1831,412
1832,463
1833,1668
1834,2652
1835,2383
1836,840
1837,3036
1838,209
1839,482
1840,3462
1841,739
1842,1943
1843,628
1844,3511
1845,3502
1846,978
1847,892
1848,1780
1849,3474
1850,2326
1851,2828
1852,1787
1853,1610
1854,1162
1855,2494
1856,1456
1857,2379
1858,4052
1859,2152
1860,1735
1861,236
1862,585
1863,3560
1864,1444
1865,1770
1866,1617
1867,3816
1868,2310
1869,2748
1870,1386
1871,3285
1872,734
1873,2495
1874,2598
1875,2104
1876,3103
1877,1399
1878,3415
1879,3959
1880,1950
1881,783
1882,618
1883,410
1884,156
1885,513
1886,2455
1887,798
1888,1368
1889,1092
1890,1817
1891,917
1892,3376
1893,1218
1894,2111
1895,1924
1896,2968
1897,3429
1898,1892
1899,612
1900,221
1901,2912
1902,842
1903,3162
1904,1765
1905,1215
1906,1321
1907,2196
1908,1139
1909,1568
1910,926
1911,1468
1912,2502
1913,608
1914,1683
1915,1274
1916,2754
1917,358
1918,2002
1919,3563
1920,3171
1921,2031
1922,3014
1923,3293
1924,3990
1925,2994
1926,2569
1927,3614
1928,372
1929,3083
1930,3428
1931,2646
1932,2724
1933,222
1934,3390
1935,1286
1936,3509
1937,2729
1938,1343
1939,791
1940,1957
1941,3305
1942,23
1943,15
1944,3209
1945,3708
1946,2401
1947,2860
1948,2838
1949,1871
1950,3240
1951,374
1952,1671
1953,3978
1954,2041
1955,2202
1956,1877
1957,1504
1958,3512
1959,3111
1960,3557
1961,3319
1962,551
1963,115
1964,622
1965,1885
1966,2369
1967,3780
1968,2587
1969,257
1970,1899
1971,1117
1972,2046
1973,3074
1974,1417
1975,2256
1976,1313
1977,1648
1978,3358
1979,3088
1980,3620
1981,2209
1982,2295
1983,207
1984,4056
1985,2505
1986,1402
1987,2620
1988,2446
1989,1872
1990,1361
1991,3727
1992,2796
1993,2572
1994,3223
1995,3042
1996,2408
1997,4003
1998,831
1999,3451
2000,879
2001,1701
2002,2071
2003,341
2004,811
2005,1685
2006,1905
2007,3881
2008,3173
2009,2916
2010,2654
2011,3260
2012,3389
2013,1407
2014,3166
2015,1291
2016,3571
2017,3866
2018,3821
2019,2719
2020,2632
2021,1802
2022,3818
2023,385
2024,1442
2025,2728
2026,3478
2027,1396
2028,14
2029,3187
2030,871
2031,87
2032,2067
2033,3322
2034,3861
2035,2417
2036,71
2037,1191
2038,2043
2039,1935
2040,3892
2041,2300
2042,1716
2043,2164
2044,1358
2045,2075
2046,2350
2047,1977
2048,1729
2049,3225
2050,3028
2051,1219
2052,2355
2053,3489
2054,244
2055,3297
2056,2338
2057,893
2058,1254
2059,2574
2060,1699
2061,3738
2062,2750
2063,1314
2064,2070
2065,3751
2066,2999
2067,1006
2068,1704
2069,693
2070,1453
2071,3279
2072,1844
2073,1168
2074,3003
2075,2534
2076,4035
2077,3541
2078,3617
2079,350
2080,3731
2081,1531
2082,2059
2083,349
2084,2426
2085,3265
2086,1759
2087,2026
2088,3150
2089,1990
2090,1496
2091,3612
2092,3467
2093,1827
2094,2911
2095,1941
2096,2885
2097,3901
2098,1627
2099,3092
2100,2743
2101,2018
2102,464
2103,3273
2104,1682
2105,2336
2106,862
2107,280
2108,630
2109,4037
2110,183
2111,1959
2112,2440
2113,2087
2114,935
2115,2476
2116,1302
2117,1640
2118,2463
2119,2183
2120,3999
2121,346
2122,3599
2123,431
2124,1598
2125,369
2126,3183
2127,55
2128,3956
2129,3423
2130,3314
2131,2602
2132,3456
2133,3217
2134,2392
2135,3398
2136,1429
2137,1639
2138,2136
2139,277
2140,3966
2141,127
2142,728
2143,801
2144,512
2145,1785
2146,668
2147,805
2148,3433
2149,3506
2150,2424
2151,3405
2152,757
2153,3286
2154,3929
2155,2066
2156,1354
2157,713
2158,1130
2159,1911
2160,1725
2161,1268
2162,1560
2163,3632
2164,2083
2165,286
2166,530
2167,2117
2168,1111
2169,716
2170,1238
2171,2604
2172,995
2173,782
2174,1693
2175,1661
2176,465
2177,644
2178,292
2179,3096
2180,2689
2181,3755
2182,1528
2183,1002
2184,234
2185,2251
2186,2618
2187,2545
2188,406
2189,469
2190,1012
2191,2131
2192,1742
2193,3475
2194,496
2195,2659
2196,3018
2197,1909
2198,3955
2199,2978
2200,784
2201,960
2202,2718
2203,259
2204,180
2205,2592
2206,2610
2207,864
2208,1457
2209,3066
2210,3436
2211,1064
2212,160
2213,1001
2214,2107
2215,2297
2216,1252
2217,2360
2218,1847
2219,501
2220,2524
2221,3181
2222,1893
2223,1653
2224,744
2225,3134
2226,2452
2227,143
2228,2578
2229,3573
2230,3875
2231,572
2232,3739
2233,2581
2234,3936
2235,1335
2236,2141
2237,2984
2238,2467
2239,3993
2240,912
2241,3526
2242,1623
2243,838
2244,2168
2245,1462
2246,9
2247,2816
2248,2439
2249,3752
2250,1778
2251,944
2252,1869
2253,2125
2254,768
2255,3419
2256,678
2257,2589
2258,1030
2259,1732
2260,2900
2261,2497
2262,3910
2263,3982
2264,2341
2265,1932
2266,3997
2267,705
2268,1736
2269,3468
2270,859
2271,1665
2272,1521
2273,3095
2274,1858
2275,776
2276,1833
2277,13
2278,1099
2279,2775
2280,4006
2281,2769
2282,2957
2283,3606
2284,3931
2285,497
2286,1278
2287,2248
2288,2105
2289,3481
2290,3928
2291,2260
2292,3667
2293,2821
2294,3247
2295,1167
2296,3690
2297,247
2298,2921
2299,2893
2300,110
2301,1946
2302,2576
2303,375
2304,2889
2305,2060
2306,1891
2307,3179
2308,3424
2309,3732
2310,2760
2311,1524
2312,1089
2313,2675
2314,1856
2315,3238
2316,3022
2317,558
2318,3967
2319,3229
2320,598
2321,159
2322,1710
2323,2800
2324,718
2325,1347
2326,1794
2327,2190
2328,3604
2329,3413
2330,2283
2331,3961
2332,3093
2333,2160
2334,1746
2335,2650
2336,3902
2337,1014
2338,1054
2339,943
2340,3268
2341,1595
2342,615
2343,1583
2344,611
2345,3539
2346,2705
2347,1028
2348,176
2349,3916
2350,885
2351,3337
2352,3590
2353,486
2354,2134
2355,2969
2356,3070
2357,3188
2358,2987
2359,2092
2360,1418
2361,1606
2362,3208
2363,1628
2364,1954
2365,1552
2366,2236
2367,850
2368,3371
2369,3024
2370,2227
2371,1887
2372,3592
2373,2048
2374,745
2375,3835
2376,2106
2377,2274
2378,1616
2379,4021
2380,2509
2381,1791
2382,3106
2383,3205
2384,921
2385,2612
2386,3504
2387,3927
2388,1052
2389,314
2390,2504
2391,3290
2392,3155
2393,1845
2394,2905
2395,3544
2396,2707
2397,865
2398,1288
2399,1084
2400,2735
2401,1410
2402,1985
2403,2389
2404,483
2405,4007
2406,1388
2407,3896
2408,2520
2409,3629
2410,3200
2411,1221
2412,1942
2413,3540
2414,2158
2415,2093
2416,2777
2417,2699
2418,2930
2419,3952
2420,1135
2421,364
2422,3988
2423,1319
2424,2470
2425,810
2426,1963
2427,2669
2428,2986
2429,3965
2430,3328
2431,3666
2432,2568
2433,3884
2434,142
2435,3048
2436,661
2437,494
2438,2123
2439,1829
2440,504
2441,2412
2442,1806
2443,540
2444,1506
2445,785
2446,1815
2447,2272
2448,1015
2449,3035
2450,1280
2451,1691
2452,3718
2453,4030
2454,1996
2455,3469
2456,404
2457,3870
2458,3714
2459,3613
2460,3488
2461,1717
2462,2062
2463,3918
2464,2226
2465,967
2466,2805
2467,670
2468,1120
2469,594
2470,4080
2471,77
2472,328
2473,647
2474,2812
2475,937
2476,3655
2477,3174
2478,2846
2479,3672
2480,135
2481,1304
2482,4083
2483,253
2484,1293
2485,1592
2486,1447
2487,3034
2488,673
2489,125
2490,907
2491,2593
2492,2979
2493,2537
2494,4085
2495,212
2496,807
2497,2010
2498,3420
2499,1518
2500,1340
2501,3960
2502,2923
2503,981
2504,3027
2505,3543
2506,3426
2507,1423
2508,1634
2509,1970
2510,3056
2511,1795
2512,1955
2513,81
2514,2394
2515,1939
2516,3635
2517,92
2518,2055
2519,3148
2520,2562
2521,1450
2522,274
2523,913
2524,1922
2525,2264
2526,2834
2527,1197
2528,3139
2529,445
2530,17
2531,3207
2532,1395
2533,3084
2534,475
2535,457
2536,35
2537,3610
2538,120
2539,1237
2540,2727
2541,509
2542,1667
2543,1618
2544,3499
2545,2100
2546,4039
2547,3558
2548,1512
2549,1312
2550,2575
2551,2153
2552,397
2553,2842
2554,121
2555,3119
2556,1842
2557,640
2558,2902
2559,2357
2560,1881
2561,955
2562,3466
2563,2866
2564,1834
2565,91
2566,3196
2567,219
2568,3176
2569,480
2570,970
2571,2281
2572,3854
2573,1115
2574,1131
2575,3634
2576,2611
2577,101
2578,1121
2579,263
2580,710
2581,780
2582,3554
2583,2530
2584,3825
2585,3255
2586,284
2587,3984
2588,2396
2589,3434
2590,3011
2591,3957
2592,2883
2593,3832
2594,953
2595,4064
2596,1332
2597,2894
2598,3482
2599,1600
2600,812
2601,1461
2602,2120
2603,3275
2604,2716
2605,4066
2606,3566
2607,638
2608,3934
2609,1069
2610,3320
2611,288
2612,3627
2613,3891
2614,3537
2615,634
2616,1523
2617,903
2618,2188
2619,3440
2620,2303
2621,3312
2622,186
2623,2787
2624,3395
2625,19
2626,84
2627,327
2628,1601
2629,2085
2630,894
2631,3820
2632,3141
2633,724
2634,4071
2635,3055
2636,3787
2637,1859
2638,3996
2639,2783
2640,4043
2641,1265
2642,3889
2643,1233
2644,3741
2645,2178
2646,3045
2647,1609
2648,104
2649,2133
2650,4074
2651,420
2652,3214
2653,1317
2654,4082
2655,3943
2656,1771
2657,237
2658,2962
2659,3201
2660,3115
2661,1929
2662,1270
2663,3886
2664,152
2665,2201
2666,4076
2667,1750
2668,2552
2669,775
2670,3589
2671,3232
2672,1975
2673,972
2674,1310
2675,2571
2676,118
2677,590
2678,1579
2679,1719
2680,2859
2681,2974
2682,4081
2683,2691
2684,1107
2685,2380
2686,858
2687,3008
2688,519
2689,726
2690,2262
2691,80
2692,336
2693,2701
2694,3694
2695,3940
2696,2908
2697,732
2698,1580
2699,2197
2700,3251
2701,2845
2702,923
2703,1114
2704,2970
2705,2579
2706,76
2707,371
2708,3387
2709,348
2710,392
2711,3453
2712,3907
2713,220
2714,4033
2715,267
2716,982
2717,803
2718,4025
2719,2473
2720,695
2721,793
2722,3933
2723,3926
2724,432
2725,2875
2726,330
2727,3202
2728,3938
2729,1702
2730,3890
2731,928
2732,2906
2733,535
2734,2266
2735,2193
2736,251
2737,1931
2738,1124
2739,515
2740,629
2741,3673
2742,2063
2743,1576
2744,2511
2745,3585
2746,1636
2747,2009
2748,1553
2749,2058
2750,1571
2751,507
2752,1188
2753,2378
2754,2387
2755,2858
2756,470
2757,1394
2758,454
2759,3626
2760,868
2761,3230
2762,136
2763,3492
2764,2171
2765,1696
2766,1689
2767,2933
2768,2289
2769,40
2770,737
2771,1718
2772,2803
2773,2695
2774,1500
2775,2308
2776,881
2777,1754
2778,302
2779,1424
2780,3002
2781,2753
2782,3717
2783,2427
2784,3075
2785,2720
2786,1757
2787,1037
2788,3417
2789,3001
2790,1949
2791,1229
2792,1077
2793,3704
2794,3576
2795,3124
2796,997
2797,828
2798,361
2799,2479
2800,2023
2801,3797
2802,3218
2803,2155
2804,2243
2805,4047
2806,2519
2807,88
2808,1643
2809,3958
2810,1427
2811,450
2812,599
2813,516
2814,2965
2815,2342
2816,651
2817,2566
2818,3343
2819,1825
2820,790
2821,455
2822,2799
2823,3699
2824,395
2825,3760
2826,100
2827,1516
2828,62
2829,28
2830,1575
2831,3743
2832,3793
2833,3608
2834,3313
2835,3972
2836,3685
2837,1956
2838,2663
2839,53
2840,1723
2841,2929
2842,3706
2843,2516
2844,3336
2845,3356
2846,1160
2847,202
2848,3707
2849,2366
2850,2770
2851,3747
2852,2697
2853,1164
2854,2232
2855,1698
2856,1789
2857,3000
2858,1466
2859,2322
2860,3784
2861,760
2862,332
2863,2897
2864,1044
2865,2044
2866,2400
2867,4012
2868,614
2869,119
2870,1978
2871,797
2872,203
2873,2478
2874,1839
2875,3026
2876,291
2877,1048
2878,2102
2879,4023
2880,534
2881,1720
2882,243
2883,320
2884,3057
2885,2601
2886,2641
2887,3493
2888,2271
2889,1752
2890,1586
2891,1016
2892,3904
2893,1508
2894,583
2895,2410
2896,3991
2897,1195
2898,3112
2899,2457
2900,2050
2901,1572
2902,1098
2903,3607
2904,2879
2905,3937
2906,795
2907,2434
2908,230
2909,1459
2910,2469
2911,940
2912,2685
2913,3491
2914,2162
2915,272
2916,3349
2917,2358
2918,966
2919,1269
2920,1915
2921,2488
2922,373
2923,3294
2924,4072
2925,1422
2926,339
2927,4013
2928,3568
2929,986
2930,3131
2931,3044
2932,1398
2933,2852
2934,3197
2935,1406
2936,591
2937,2257
2938,701
2939,537
2940,1436
2941,2645
2942,3705
2943,3004
2944,3301
2945,1968
2946,3946
2947,2081
2948,3391
2949,2903
2950,3367
2951,34
2952,2823
2953,3527
2954,2631
2955,2319
2956,1900
2957,2076
2958,3773
2959,3794
2960,190
2961,353
2962,884
2963,3464
2964,333
2965,31
2966,2570
2967,543
2968,1169
2969,3006
2970,979
2971,2898
2972,3067
2973,3090
2974,2806
2975,2216
2976,2151
2977,2363
2978,2481
2979,3267
2980,2694
2981,2418
2982,1679
2983,950
2984,929
2985,3021
2986,3663
2987,1251
2988,2454
2989,3109
2990,584
2991,3369
2992,2099
2993,3790
2994,1419
2995,3623
2996,1428
2997,2525
2998,2854
2999,21
3000,1566
3001,1988
3002,107
3003,4058
3004,2924
3005,2693
3006,3375
3007,2333
3008,3869
3009,3037
3010,951
3011,2375
3012,2687
3013,3410
3014,3749
3015,1532
3016,3386
3017,1273
3018,3775
3019,2108
3020,3782
3021,2676
3022,2603
3023,1186
3024,910
3025,1177
3026,1836
3027,1051
3028,4073
3029,235
3030,3215
3031,1200
3032,2500
3033,3382
3034,3776
3035,1612
3036,1377
3037,3753
3038,2547
3039,1178
3040,4067
3041,952
3042,324
3043,1227
3044,2788
3045,2416
3046,1378
3047,1351
3048,2774
3049,2938
3050,2191
3051,595
3052,973
3053,2798
3054,2249
3055,1888
3056,3178
3057,2972
3058,3394
3059,387
3060,3224
3061,3338
3062,2717
3063,3859
3064,550
3065,3975
3066,2674
3067,3138
3068,3864
3069,1189
3070,1217
3071,1472
3072,909
3073,1327
3074,3550
3075,208
3076,2419
3077,1263
3078,2080
3079,3535
3080,2109
3081,3668
3082,3867
3083,1413
3084,957
3085,1585
3086,3460
3087,2741
3088,112
3089,139
3090,3913
3091,3486
3092,73
3093,3565
3094,1071
3095,2637
3096,205
3097,2617
3098,1734
3099,1755
3100,1113
3101,2677
3102,2692
3103,2239
3104,27
3105,1026
3106,2973
3107,1271
3108,1676
3109,2742
3110,2833
3111,1244
3112,3221
3113,2498
3114,946
3115,3675
3116,1391
3117,747
3118,12
3119,2700
3120,2862
3121,200
3122,2919
3123,2841
3124,528
3125,2744
3126,1664
3127,2790
3128,3570
3129,311
3130,2709
3131,3767
3132,2651
3133,2241
3134,2395
3135,2020
3136,1615
3137,1686
3138,3740
3139,3447
3140,756
3141,1349
3142,1526
3143,1479
3144,1205
3145,3064
3146,105
3147,1225
3148,2174
3149,1951
3150,365
3151,1567
3152,826
3153,2627
3154,1434
3155,472
3156,2947
3157,4089
3158,3971
3159,613
3160,1147
3161,2943
3162,2347
3163,1007
3164,3575
3165,901
3166,3069
3167,265
3168,3564
3169,3222
3170,2698
3171,3903
3172,1256
3173,3911
3174,1446
3175,3693
3176,751
3177,3087
3178,799
3179,2766
3180,2413
3181,2784
3182,2230
3183,1919
3184,1146
3185,2971
3186,3658
3187,2393
3188,4075
3189,3490
3190,2888
3191,316
3192,506
3193,719
3194,2681
3195,3841
3196,2332
3197,225
3198,3849
3199,2661
3200,2293
3201,809
3202,195
3203,2625
3204,2316
3205,2276
3206,2683
3207,3212
3208,4009
3209,679
3210,692
3211,3545
3212,4077
3213,3282
3214,1584
3215,3047
3216,2963
3217,24
3218,2314
3219,211
3220,2442
3221,3438
3222,3580
3223,832
3224,1582
3225,3487
3226,3640
3227,4069
3228,788
3229,106
3230,3914
3231,1277
3232,1672
3233,3906
3234,889
3235,869
3236,764
3237,2159
3238,2386
3239,1987
3240,3611
3241,2273
3242,1248
3243,3858
3244,297
3245,3555
3246,2977
3247,557
3248,1763
3249,774
3250,2995
3251,2096
3252,3500
3253,1542
3254,2782
3255,2850
3256,665
3257,2052
3258,3842
3259,3630
3260,878
3261,833
3262,1809
3263,639
3264,2797
3265,906
3266,3944
3267,688
3268,170
3269,90
3270,3471
3271,1003
3272,1154
3273,1927
3274,1868
3275,3062
3276,2764
3277,3288
3278,197
3279,969
3280,984
3281,2177
3282,694
3283,3089
3284,2662
3285,231
3286,681
3287,625
3288,2773
3289,3094
3290,1694
3291,1018
3292,988
3293,3887
3294,1714
3295,3698
3296,2022
3297,918
3298,3947
3299,872
3300,2309
3301,1984
3302,407
3303,1670
3304,1322
3305,1613
3306,462
3307,580
3308,3378
3309,1577
3310,3402
3311,1880
3312,1004
3313,2047
3314,3122
3315,3766
3316,68
3317,3130
3318,669
3319,2865
3320,3758
3321,3729
3322,1211
3323,57
3324,3443
3325,3547
3326,3659
3327,2948
3328,3871
3329,138
3330,323
3331,3756
3332,2247
3333,3384
3334,1316
3335,2553
3336,3765
3337,2657
3338,1740
3339,4018
3340,2670
3341,1042
3342,2016
3343,2736
3344,10
3345,3325
3346,1971
3347,3674
3348,468
3349,360
3350,3368
3351,1728
3352,151
3353,3577
3354,824
3355,1198
3356,2088
3357,932
3358,1481
3359,11
3360,3601
3361,2143
3362,2284
3363,2848
3364,1165
3365,645
3366,362
3367,3528
3368,787
3369,581
3370,1540
3371,2549
3372,2507
3373,2118
3374,2584
3375,1415
3376,3562
3377,2189
3378,2942
3379,69
3380,273
3381,1356
3382,1360
3383,3146
3384,1675
3385,428
3386,1266
3387,3160
3388,3507
3389,2187
3390,289
3391,2926
3392,517
3393,3676
3394,2863
3395,1816
3396,2633
3397,1201
3398,1260
3399,3882
3400,964
3401,1374
3402,4017
3403,1557
3404,1382
3405,1055
3406,2312
3407,3113
3408,3444
3409,761
3410,603
3411,3595
3412,3311
3413,1067
3414,655
3415,3720
3416,589
3417,1344
3418,1603
3419,2688
3420,1894
3421,102
3422,185
3423,1372
3424,98
3425,867
3426,3932
3427,3303
3428,3508
3429,1182
3430,2870
3431,510
3432,45
3433,2459
3434,3385
3435,132
3436,423
3437,356
3438,3522
3439,2955
3440,2095
3441,566
3442,3710
3443,2438
3444,3771
3445,1375
3446,1835
3447,147
3448,3409
3449,2011
3450,3517
3451,2229
3452,2818
3453,575
3454,880
3455,3078
3456,1307
3457,861
3458,2261
3459,2285
3460,2886
3461,2666
3462,680
3463,723
3464,1692
3465,2447
3466,1629
3467,223
3468,3942
3469,4048
3470,524
3471,3280
3472,2508
3473,2577
3474,3136
3475,2983
3476,3744
3477,856
3478,882
3479,433
3480,315
3481,2513
3482,1967
3483,1581
3484,2830
3485,398
3486,1110
3487,86
3488,1440
3489,1622
3490,2240
3491,293
3492,411
3493,498
3494,3962
3495,1017
3496,3472
3497,1138
3498,403
3499,2212
3500,2809
3501,607
3502,337
3503,2173
3504,3498
3505,3677
3506,3100
3507,1220
3508,3647
3509,567
3510,3149
3511,2422
3512,1774
3513,2608
3514,1359
3515,897
3516,641
3517,4024
3518,1209
3519,1491
3520,3719
3521,2098
3522,2672
3523,2185
3524,763
3525,2975
3526,2279
3527,1969
3528,4038
3529,1050
3530,2381
3531,1020
3532,2826
3533,3086
3534,1043
3535,1082
3536,2407
3537,363
3538,2867
3539,3125
3540,1918
3541,2548
3542,3033
3543,3019
3544,2822
3545,3081
3546,2167
3547,3157
3548,2857
3549,2443
3550,2221
3551,3924
3552,459
3553,887
3554,2420
3555,722
3556,2482
3557,1118
3558,1841
3559,1761
3560,447
3561,4057
3562,3894
3563,2244
3564,2425
3565,3
3566,2435
3567,3951
3568,2156
3569,2871
3570,671
3571,2362
3572,3631
3573,2238
3574,1451
3575,391
3576,1546
3577,674
3578,2956
3579,1192
3580,99
3581,3250
3582,355
3583,2480
3584,50
3585,1902
3586,2514
3587,2904
3588,1102
3589,965
3590,1649
3591,2667
3592,326
3593,1022
3594,746
3595,1811
3596,3579
3597,1658
3598,489
3599,1384
3600,1239
3601,3076
3602,3102
3603,561
3604,3762
3605,1041
3606,3792
3607,2
3608,3964
3609,633
3610,56
3611,3009
3612,1739
3613,830
3614,1074
3615,2405
3616,3813
3617,1276
3618,4042
3619,1913
3620,3945
3621,927
3622,539
3623,837
3624,652
3625,198
3626,2364
3627,2872
3628,3101
3629,440
3630,1212
3631,911
3632,3809
3633,2005
3634,276
3635,3833
3636,1242
3637,1148
3638,3117
3639,2658
3640,2531
3641,3193
3642,2928
3643,4026
3644,342
3645,3380
3646,2258
3647,762
3648,381
3649,3909
3650,1199
3651,555
3652,144
3653,3363
3654,1807
3655,621
3656,3184
3657,4022
3658,1798
3659,2756
3660,1555
3661,2280
3662,3521
3663,836
3664,1009
3665,2184
3666,1226
3667,1232
3668,419
3669,415
3670,3888
3671,3281
3672,3172
3673,1253
3674,2558
3675,1264
3676,3778
3677,1705
3678,985
3679,3660
3680,1245
3681,778
3682,735
3683,1297
3684,3253
3685,839
3686,3670
3687,685
3688,876
3689,2304
3690,2702
3691,3701
3692,2084
3693,2411
3694,3939
3695,2649
3696,2074
3697,1768
3698,3277
3699,1008
3700,3261
3701,578
3702,738
3703,686
3704,319
3705,354
3706,2334
3707,2997
3708,521
3709,1907
3710,3177
3711,1659
3712,490
3713,3653
3714,264
3715,1638
3716,305
3717,3921
3718,1257
3719,124
3720,3296
3721,1776
3722,570
3723,281
3724,742
3725,1315
3726,2277
3727,709
3728,696
3729,2932
3730,3054
3731,2807
3732,3025
3733,2656
3734,1122
3735,2640
3736,3826
3737,1176
3738,2213
3739,2431
3740,2268
3741,4020
3742,4070
3743,556
3744,3529
3745,3819
3746,1589
3747,816
3748,1884
3749,3352
3750,1326
3751,1206
3752,2543
3753,895
3754,1830
3755,1823
3756,2648
3757,1474
3758,2204
3759,702
3760,1231
3761,2953
3762,309
3763,2555
3764,1103
3765,2678
3766,3824
3767,1826
3768,1404
3769,1972
3770,3459
3771,3032
3772,388
3773,2346
3774,586
3775,2122
3776,3381
3777,1879
3778,2991
3779,3266
3780,3480
3781,1558
3782,3750
3783,691
3784,2541
3785,1851
3786,1991
3787,1116
3788,2876
3789,2119
3790,714
3791,448
3792,648
3793,3898
3794,2580
3795,2996
3796,304
3797,3772
3798,3917
3799,1163
3800,2712
3801,3556
3802,2275
3803,3692
3804,564
3805,786
3806,2966
3807,111
3808,2265
3809,3154
3810,134
3811,1960
3812,815
3813,3553
3814,1549
3815,1848
3816,2200
3817,2246
3818,2231
3819,3983
3820,941
3821,1295
3822,3249
3823,637
3824,781
3825,2299
3826,2436
3827,3180
3828,2021
3829,331
3830,199
3831,983
3832,3340
3833,1464
3834,2998
3835,538
3836,1470
3837,3839
3838,3496
3839,666
3840,3624
3841,2072
3842,649
3843,2150
3844,3618
3845,2327
3846,2432
3847,2014
3848,3622
3849,2163
3850,3815
3851,1866
3852,2086
3853,3291
3854,2323
3855,1228
3856,1204
3857,632
3858,122
3859,3880
3860,1499
3861,1569
3862,4044
3863,2564
3864,1502
3865,3373
3866,499
3867,827
3868,3465
3869,1654
3870,233
3871,3354
3872,1861
3873,1213
3874,1255
3875,2551
3876,1060
3877,1433
3878,1480
3879,3976
3880,623
3881,3851
3882,2444
3883,1544
3884,3335
3885,546
3886,3058
3887,1040
3888,1762
3889,3654
3890,1187
3891,3987
3892,1753
3893,2755
3894,3722
3895,1184
3896,279
3897,3259
3898,1497
3899,3432
3900,3844
3901,1556
3902,1411
3903,3912
3904,3530
3905,441
3906,1390
3907,1874
3908,3254
3909,2337
3910,2890
3911,22
3912,3683
3913,393
3914,2567
3915,479
3916,2144
3917,161
3918,1910
3919,1853
3920,656
3921,1660
3922,4028
3923,2423
3924,2259
3925,2945
3926,741
3927,1898
3928,1501
3929,3400
3930,2881
3931,1475
3932,2464
3933,3814
3934,2624
3935,3883
3936,2487
3937,1070
3938,108
3939,3652
3940,2554
3941,2634
3942,254
3943,3052
3944,636
3945,1038
3946,2130
3947,1079
3948,1306
3949,560
3950,3116
3951,1781
3952,126
3953,1234
3954,1574
3955,269
3956,1849
3957,875
3958,1478
3959,2682
3960,3140
3961,1979
3962,766
3963,3168
3964,435
3965,1246
3966,64
3967,1078
3968,3392
3969,2708
3970,248
3971,456
3972,1061
3973,1994
3974,477
3975,2399
3976,1183
3977,1298
3978,1551
3979,3551
3980,2992
3981,3192
3982,1632
3983,246
3984,2317
3985,2501
3986,1272
3987,1514
3988,2223
3989,2228
3990,380
3991,3908
3992,1726
3993,2597
3994,2078
3995,3548
3996,1348
3997,172
3998,2428
3999,3828
4000,1305
4001,947
4002,1812
4003,1707
4004,2785
4005,1031
4006,2000
4007,2759
4008,3989
4009,173
4010,2563
4011,2286
4012,1409
4013,1953
4014,690
4015,974
4016,925
4017,2145
4018,736
4019,2811
4020,389
4021,2725
4022,2315
4023,3552
4024,65
4025,2235
4026,3830
4027,753
4028,1460
4029,59
4030,141
4031,1443
4032,708
4033,3783
4034,4063
4035,4090
4036,1614
4037,2129
4038,2351
4039,1738
4040,74
4041,3649
4042,2778
4043,2294
4044,3524
4045,2793
4046,1072
4047,352
4048,2348
4049,2192
4050,956
4051,3513
4052,2127
4053,2372
4054,3098
4055,1867
4056,2061
4057,216
4058,3811
4059,1194
4060,2169
4061,3995
4062,3156
4063,1608
4064,378
4065,1151
4066,359
4067,1673
4068,1646
4069,2757
4070,1656
4071,2097
4072,1925
4073,777
4074,3856
4075,1262
4076,1045
4077,1171
4078,1527
4079,3795
4080,1697
4081,905
4082,2492
4083,1299
4084,4041
4085,2599
4086,258
4087,1109
4088,1838
4089,206
4090,2049
4091,3807
4092,769
4093,1594
4094,2542
4095,1605
