0,31
1,369
2,592
3,117
4,407
5,88
6,976
7,690
8,956
9,288
10,1014
11,9
12,937
13,593
14,120
15,885
16,646
17,59
18,201
19,815
20,830
21,312
22,603
23,687
24,203
25,243
26,268
27,520
28,486
29,733
30,849
31,724
32,554
33,217
34,558
35,399
36,711
37,74
38,917
39,598
40,616
41,930
42,465
43,922
44,269
45,527
46,322
47,346
48,363
49,859
50,372
51,495
52,179
53,575
54,1009
55,44
56,797
57,38
58,588
59,964
60,102
61,532
62,296
63,162
64,199
65,195
66,628
67,772
68,585
69,986
70,364
71,661
72,717
73,194
74,648
75,568
76,708
77,789
78,492
79,823
80,894
81,836
82,983
83,813
84,600
85,663
86,941
87,537
88,209
89,483
90,703
91,298
92,877
93,23
94,560
95,218
96,512
97,691
98,426
99,383
100,2
101,960
102,306
103,750
104,978
105,287
106,140
107,853
108,65
109,639
110,567
111,5
112,943
113,888
114,400
115,441
116,882
117,989
118,950
119,1004
120,408
121,476
122,223
123,371
124,871
125,110
126,52
127,401
128,552
129,875
130,1016
131,361
132,732
133,78
134,756
135,556
136,553
137,69
138,802
139,14
140,580
141,267
142,633
143,995
144,523
145,406
146,1011
147,571
148,182
149,912
150,844
151,678
152,749
153,641
154,901
155,624
156,396
157,493
158,505
159,197
160,173
161,896
162,934
163,504
164,587
165,60
166,393
167,869
168,865
169,141
170,128
171,957
172,463
173,178
174,341
175,781
176,584
177,314
178,454
179,916
180,787
181,706
182,378
183,992
184,391
185,924
186,727
187,270
188,1000
189,249
190,184
191,962
192,915
193,890
194,773
195,357
196,591
197,41
198,211
199,316
200,73
201,70
202,644
203,499
204,353
205,135
206,675
207,953
208,589
209,681
210,647
211,214
212,467
213,980
214,459
215,156
216,87
217,728
218,803
219,886
220,837
221,643
222,345
223,291
224,762
225,557
226,202
227,829
228,384
229,846
230,632
231,868
232,807
233,842
234,977
235,494
236,253
237,701
238,902
239,398
240,686
241,613
242,262
243,726
244,757
245,820
246,334
247,919
248,1021
249,998
250,498
251,543
252,860
253,947
254,380
255,945
256,742
257,630
258,677
259,251
260,354
261,778
262,289
263,547
264,694
265,651
266,695
267,1013
268,421
269,57
270,530
271,826
272,874
273,852
274,697
275,46
276,129
277,320
278,714
279,419
280,333
281,819
282,189
283,89
284,887
285,329
286,779
287,508
288,971
289,176
290,27
291,219
292,437
293,489
294,1002
295,905
296,418
297,638
298,233
299,148
300,549
301,689
302,539
303,659
304,108
305,412
306,118
307,328
308,669
309,951
310,34
311,451
312,634
313,533
314,602
315,479
316,679
317,351
318,970
319,712
320,442
321,662
322,152
323,848
324,390
325,410
326,907
327,566
328,153
329,761
330,973
331,841
332,931
333,144
334,640
335,825
336,1010
337,783
338,966
339,511
340,671
341,382
342,188
343,652
344,107
345,435
346,466
347,307
348,76
349,180
350,645
351,185
352,462
353,927
354,811
355,164
356,740
357,682
358,928
359,608
360,439
361,21
362,477
363,851
364,653
365,177
366,246
367,625
368,891
369,300
370,754
371,151
372,347
373,48
374,449
375,299
376,507
377,113
378,861
379,782
380,170
381,878
382,447
383,403
384,832
385,301
386,94
387,125
388,954
389,47
390,165
391,847
392,237
393,469
394,955
395,793
396,205
397,526
398,318
399,389
400,81
401,365
402,751
403,285
404,302
405,260
406,64
407,840
408,734
409,461
410,374
411,824
412,920
413,206
414,548
415,725
416,97
417,597
418,862
419,168
420,763
421,319
422,1007
423,427
424,967
425,981
426,124
427,809
428,215
429,838
430,617
431,746
432,80
433,562
434,252
435,416
436,25
437,665
438,136
439,139
440,769
441,780
442,75
443,892
444,208
445,606
446,503
447,438
448,109
449,801
450,335
451,673
452,192
453,43
454,863
455,674
456,264
457,952
458,961
459,551
460,190
461,958
462,833
463,576
464,739
465,284
466,428
467,349
468,99
469,540
470,723
471,500
472,918
473,6
474,323
475,32
476,856
477,143
478,305
479,481
480,607
481,112
482,231
483,45
484,501
485,649
486,745
487,324
488,4
489,604
490,8
491,944
492,577
493,26
494,828
495,127
496,618
497,818
498,544
499,282
500,609
501,737
502,36
503,432
504,517
505,239
506,230
507,936
508,611
509,147
510,755
511,926
512,423
513,586
514,776
515,245
516,186
517,612
518,996
519,392
520,275
521,281
522,800
523,115
524,775
525,478
526,457
527,250
528,417
529,155
530,1022
531,232
532,255
533,515
534,510
535,1018
536,16
537,326
538,7
539,339
540,1015
541,171
542,898
543,54
544,1017
545,968
546,735
547,130
548,760
549,642
550,581
551,531
552,605
553,561
554,420
555,49
556,904
557,831
558,796
559,949
560,972
561,277
562,615
563,790
564,19
565,795
566,1012
567,623
568,368
569,86
570,294
571,658
572,702
573,331
574,541
575,100
576,263
577,929
578,935
579,485
580,490
581,226
582,705
583,975
584,191
585,994
586,103
587,385
588,743
589,82
590,297
591,134
592,509
593,900
594,524
595,707
596,729
597,158
598,910
599,337
600,680
601,792
602,1003
603,914
604,161
605,870
606,688
607,242
608,315
609,710
610,62
611,522
612,458
613,96
614,620
615,18
616,271
617,667
618,28
619,693
620,766
621,355
622,387
623,444
624,1001
625,149
626,473
627,799
628,948
629,362
630,664
631,741
632,595
633,254
634,899
635,30
636,330
637,405
638,138
639,311
640,867
641,104
642,313
643,764
644,29
645,1023
646,221
647,572
648,258
649,348
650,238
651,784
652,692
653,804
654,506
655,338
656,259
657,342
658,58
659,10
660,521
661,340
662,283
663,534
664,872
665,266
666,448
667,1008
668,196
669,713
670,722
671,704
672,213
673,332
674,247
675,752
676,474
677,965
678,358
679,909
680,480
681,854
682,460
683,518
684,979
685,308
686,906
687,133
688,814
689,241
690,3
691,424
692,394
693,999
694,56
695,452
696,248
697,621
698,210
699,696
700,111
701,488
702,304
703,816
704,131
705,774
706,770
707,204
708,85
709,731
710,397
711,946
712,167
713,379
714,61
715,84
716,767
717,496
718,834
719,794
720,805
721,122
722,516
723,121
724,565
725,350
726,450
727,388
728,938
729,668
730,791
731,193
732,963
733,932
734,660
735,619
736,482
737,699
738,982
739,736
740,484
741,344
742,433
743,583
744,817
745,55
746,278
747,352
748,753
749,303
750,921
751,720
752,53
753,788
754,475
755,883
756,51
757,37
758,20
759,672
760,738
761,666
762,637
763,855
764,222
765,181
766,293
767,92
768,812
769,655
770,635
771,224
772,279
773,98
774,997
775,290
776,850
777,563
778,71
779,123
780,114
781,236
782,381
783,95
784,535
785,440
786,810
787,579
788,67
789,984
790,472
791,864
792,429
793,325
794,866
795,220
796,903
797,229
798,244
799,414
800,225
801,839
802,409
803,889
804,827
805,545
806,939
807,555
808,470
809,880
810,395
811,719
812,570
813,564
814,360
815,166
816,356
817,614
818,234
819,12
820,808
821,106
822,684
823,35
824,627
825,709
826,39
827,513
828,721
829,622
830,601
831,529
832,468
833,987
834,582
835,261
836,974
837,698
838,715
839,72
840,747
841,431
842,402
843,857
844,15
845,897
846,574
847,821
848,1020
849,716
850,411
851,525
852,175
853,923
854,528
855,610
856,471
857,514
858,487
859,227
860,77
861,17
862,1005
863,386
864,434
865,785
866,198
867,765
868,280
869,50
870,63
871,116
872,657
873,66
874,343
875,216
876,654
877,497
878,404
879,881
880,13
881,256
882,373
883,786
884,1
885,336
886,90
887,321
888,93
889,157
890,876
891,443
892,274
893,91
894,993
895,629
896,295
897,257
898,132
899,273
900,718
901,636
902,550
903,569
904,1006
905,145
906,425
907,79
908,599
909,925
910,370
911,879
912,502
913,0
914,11
915,376
916,159
917,413
918,559
919,422
920,969
921,327
922,42
923,436
924,1019
925,650
926,310
927,265
928,670
929,445
930,596
931,843
932,631
933,536
934,272
935,748
936,119
937,187
938,911
939,959
940,908
941,777
942,758
943,546
944,154
945,40
946,101
947,893
948,676
949,83
950,991
951,169
952,744
953,771
954,845
955,228
956,798
957,430
958,685
959,212
960,594
961,137
962,174
963,656
964,519
965,990
966,538
967,942
968,933
969,683
970,456
971,160
972,730
973,455
974,590
975,163
976,835
977,873
978,806
979,33
980,142
981,292
982,367
983,985
984,24
985,768
986,359
987,235
988,913
989,464
990,146
991,491
992,453
993,309
994,700
995,317
996,446
997,68
998,415
999,150
1000,276
1001,542
1002,895
1003,578
1004,940
1005,183
1006,884
1007,366
1008,822
1009,375
1010,858
1011,759
1012,172
1013,377
1014,22
1015,286
1016,105
1017,988
1018,573
1019,126
1020,200
1021,240
1022,207
1023,626